"Symbol","Date","Expiry","Option Type","Strike Price","Open","High","Low","Close","LTP","Settle Price","No. of contracts","Turnover in Lacs","Premium Turnover in Lacs","Open Int","Change in OI","Underlying Value"
"NIFTY","01-Jan-2014","28-Dec-2017","CE","6000","0","0","0","2071.1","0","2209.1","0","0","-","0","0","6301.65"
"NIFTY","02-Jan-2014","28-Dec-2017","CE","6000","0","0","0","2071.1","0","2145.9","0","0","-","0","0","6221.15"
"NIFTY","03-Jan-2014","28-Dec-2017","CE","6000","0","0","0","2071.1","0","2127.05","0","0","-","0","0","6211.15"
"NIFTY","06-Jan-2014","28-Dec-2017","CE","6000","0","0","0","2071.1","0","2098.7","0","0","-","0","0","6191.45"
"NIFTY","07-Jan-2014","28-Dec-2017","CE","6000","0","0","0","2071.1","0","2064.45","0","0","-","0","0","6162.25"
"NIFTY","08-Jan-2014","28-Dec-2017","CE","6000","0","0","0","2071.1","0","2074.85","0","0","-","0","0","6174.6"
"NIFTY","09-Jan-2014","28-Dec-2017","CE","6000","0","0","0","2071.1","0","2064.3","0","0","-","0","0","6168.35"
"NIFTY","10-Jan-2014","28-Dec-2017","CE","6000","0","0","0","2071.1","0","2068.8","0","0","-","0","0","6171.45"
"NIFTY","13-Jan-2014","28-Dec-2017","CE","6000","0","0","0","2071.1","0","2194.8","0","0","-","0","0","6272.75"
"NIFTY","14-Jan-2014","28-Dec-2017","CE","6000","0","0","0","2071.1","0","2159.6","0","0","-","0","0","6241.85"
"NIFTY","15-Jan-2014","28-Dec-2017","CE","6000","0","0","0","2071.1","0","2238.3","0","0","-","0","0","6320.9"
"NIFTY","16-Jan-2014","28-Dec-2017","CE","6000","0","0","0","2071.1","0","2234.05","0","0","-","0","0","-"
"NIFTY","17-Jan-2014","28-Dec-2017","CE","6000","0","0","0","2071.1","0","2174.25","0","0","-","0","0","6261.65"
"NIFTY","20-Jan-2014","28-Dec-2017","CE","6000","0","0","0","2071.1","0","2208.95","0","0","-","0","0","6303.95"
"NIFTY","21-Jan-2014","28-Dec-2017","CE","6000","0","0","0","2071.1","0","2195.1","0","0","-","0","0","6313.8"
"NIFTY","22-Jan-2014","28-Dec-2017","CE","6000","0","0","0","2071.1","0","2203.3","0","0","-","0","0","6338.95"
"NIFTY","23-Jan-2014","28-Dec-2017","CE","6000","0","0","0","2071.1","0","2221.2","0","0","-","0","0","6345.65"
"NIFTY","24-Jan-2014","28-Dec-2017","CE","6000","0","0","0","2071.1","0","2157.15","0","0","-","0","0","6266.75"
"NIFTY","27-Jan-2014","28-Dec-2017","CE","6000","0","0","0","2071.1","0","2073.3","0","0","-","0","0","6135.85"
"NIFTY","28-Jan-2014","28-Dec-2017","CE","6000","0","0","0","2071.1","0","2069.85","0","0","-","0","0","6126.25"
"NIFTY","29-Jan-2014","28-Dec-2017","CE","6000","0","0","0","2071.1","0","2054.1","0","0","-","0","0","6120.25"
"NIFTY","30-Jan-2014","28-Dec-2017","CE","6000","0","0","0","2071.1","0","1993.5","0","0","-","0","0","6073.7"
"NIFTY","31-Jan-2014","28-Dec-2017","CE","6000","0","0","0","2071.1","0","2025.1","0","0","-","0","0","6089.5"
"NIFTY","03-Feb-2014","28-Dec-2017","CE","6000","0","0","0","2071.1","0","1990.6","0","0","-","0","0","6001.8"
"NIFTY","04-Feb-2014","28-Dec-2017","CE","6000","0","0","0","2071.1","0","1971.4","0","0","-","0","0","6000.9"
"NIFTY","05-Feb-2014","28-Dec-2017","CE","6000","0","0","0","2071.1","0","1976.3","0","0","-","0","0","6022.4"
"NIFTY","06-Feb-2014","28-Dec-2017","CE","6000","0","0","0","2071.1","0","1986.15","0","0","-","0","0","6036.3"
"NIFTY","07-Feb-2014","28-Dec-2017","CE","6000","0","0","0","2071.1","0","2001.1","0","0","-","0","0","6063.2"
"NIFTY","10-Feb-2014","28-Dec-2017","CE","6000","0","0","0","2071.1","0","1981.25","0","0","-","0","0","6053.45"
"NIFTY","11-Feb-2014","28-Dec-2017","CE","6000","0","0","0","2071.1","0","1975.85","0","0","-","0","0","6062.7"
"NIFTY","12-Feb-2014","28-Dec-2017","CE","6000","0","0","0","2071.1","0","1998","0","0","-","0","0","6084"
"NIFTY","13-Feb-2014","28-Dec-2017","CE","6000","0","0","0","2071.1","0","1943.4","0","0","-","0","0","6001.1"
"NIFTY","14-Feb-2014","28-Dec-2017","CE","6000","0","0","0","2071.1","0","2001.05","0","0","-","0","0","6048.35"
"NIFTY","17-Feb-2014","28-Dec-2017","CE","6000","0","0","0","2071.1","0","2022.5","0","0","-","0","0","6073.3"
"NIFTY","18-Feb-2014","28-Dec-2017","CE","6000","0","0","0","2071.1","0","2038.6","0","0","-","0","0","6127.1"
"NIFTY","19-Feb-2014","28-Dec-2017","CE","6000","0","0","0","2071.1","0","2056.25","0","0","-","0","0","6152.75"
"NIFTY","20-Feb-2014","28-Dec-2017","CE","6000","0","0","0","2071.1","0","2029.9","0","0","-","0","0","6091.45"
"NIFTY","21-Feb-2014","28-Dec-2017","CE","6000","0","0","0","2071.1","0","2096.8","0","0","-","0","0","6155.45"
"NIFTY","24-Feb-2014","28-Dec-2017","CE","6000","0","0","0","2071.1","0","2092.45","0","0","-","0","0","6186.1"
"NIFTY","25-Feb-2014","28-Dec-2017","CE","6000","0","0","0","2071.1","0","2112.4","0","0","-","0","0","6200.05"
"NIFTY","26-Feb-2014","28-Dec-2017","CE","6000","0","0","0","2071.1","0","2152.95","0","0","-","0","0","6238.8"
"NIFTY","28-Feb-2014","28-Dec-2017","CE","6000","0","0","0","2071.1","0","2179.15","0","0","-","0","0","6276.95"
"NIFTY","03-Mar-2014","28-Dec-2017","CE","6000","0","0","0","2071.1","0","2117.3","0","0","-","0","0","6221.45"
"NIFTY","04-Mar-2014","28-Dec-2017","CE","6000","0","0","0","2071.1","0","2244.9","0","0","-","0","0","6297.95"
"NIFTY","05-Mar-2014","28-Dec-2017","CE","6000","0","0","0","2071.1","0","2260.6","0","0","-","0","0","6328.65"
"NIFTY","06-Mar-2014","28-Dec-2017","CE","6000","0","0","0","2071.1","0","2354.75","0","0","-","0","0","6401.15"
"NIFTY","07-Mar-2014","28-Dec-2017","CE","6000","0","0","0","2071.1","0","2479.85","0","0","-","0","0","6526.65"
"NIFTY","10-Mar-2014","28-Dec-2017","CE","6000","0","0","0","2071.1","0","2495.4","0","0","-","0","0","6537.25"
"NIFTY","11-Mar-2014","28-Dec-2017","CE","6000","0","0","0","2071.1","0","2460.1","0","0","-","0","0","6511.9"
"NIFTY","12-Mar-2014","28-Dec-2017","CE","6000","0","0","0","2071.1","0","2448.45","0","0","-","0","0","6516.9"
"NIFTY","13-Mar-2014","28-Dec-2017","CE","6000","0","0","0","2071.1","0","2418.05","0","0","-","0","0","6493.1"
"NIFTY","14-Mar-2014","28-Dec-2017","CE","6000","0","0","0","2071.1","0","2424.75","0","0","-","0","0","6504.2"
"NIFTY","18-Mar-2014","28-Dec-2017","CE","6000","0","0","0","2071.1","0","2469","0","0","-","0","0","6516.65"
"NIFTY","19-Mar-2014","28-Dec-2017","CE","6000","0","0","0","2071.1","0","2469.3","0","0","-","0","0","6524.05"
"NIFTY","20-Mar-2014","28-Dec-2017","CE","6000","0","0","0","2071.1","0","2389.65","0","0","-","0","0","6483.1"
"NIFTY","21-Mar-2014","28-Dec-2017","CE","6000","0","0","0","2071.1","0","2410.35","0","0","-","0","0","6493.2"
"NIFTY","22-Mar-2014","28-Dec-2017","CE","6000","0","0","0","2071.1","0","2407.2","0","0","-","0","0","6494.9"
"NIFTY","24-Mar-2014","28-Dec-2017","CE","6000","0","0","0","2071.1","0","2488.8","0","0","-","0","0","6583.5"
"NIFTY","25-Mar-2014","28-Dec-2017","CE","6000","0","0","0","2071.1","0","2485.25","0","0","-","0","0","6589.75"
"NIFTY","26-Mar-2014","28-Dec-2017","CE","6000","0","0","0","2071.1","0","2484.65","0","0","-","0","0","6601.4"
"NIFTY","27-Mar-2014","28-Dec-2017","CE","6000","0","0","0","2071.1","0","2514.45","0","0","-","0","0","6641.75"
"NIFTY","28-Mar-2014","28-Dec-2017","CE","6000","0","0","0","2071.1","0","2558.2","0","0","-","0","0","6695.9"
"NIFTY","31-Mar-2014","28-Dec-2017","CE","6000","0","0","0","2071.1","0","2560","0","0","-","0","0","6704.2"
"NIFTY","01-Apr-2014","28-Dec-2017","CE","6000","0","0","0","2071.1","0","2573.05","0","0","-","0","0","6721.05"
"NIFTY","02-Apr-2014","28-Dec-2017","CE","6000","0","0","0","2071.1","0","2544.05","0","0","-","0","0","6752.55"
"NIFTY","03-Apr-2014","28-Dec-2017","CE","6000","0","0","0","2071.1","0","2515.6","0","0","-","0","0","6736.1"
"NIFTY","04-Apr-2014","28-Dec-2017","CE","6000","0","0","0","2071.1","0","2488.75","0","0","-","0","0","6694.35"
"NIFTY","07-Apr-2014","28-Dec-2017","CE","6000","0","0","0","2071.1","0","2476.3","0","0","-","0","0","6695.05"
"NIFTY","09-Apr-2014","28-Dec-2017","CE","6000","0","0","0","2071.1","0","2600.4","0","0","-","0","0","6796.2"
"NIFTY","10-Apr-2014","28-Dec-2017","CE","6000","0","0","0","2071.1","0","2578.4","0","0","-","0","0","6796.4"
"NIFTY","11-Apr-2014","28-Dec-2017","CE","6000","0","0","0","2071.1","0","2549.4","0","0","-","0","0","6776.3"
"NIFTY","15-Apr-2014","28-Dec-2017","CE","6000","0","0","0","2071.1","0","2487.55","0","0","-","0","0","6733.1"
"NIFTY","16-Apr-2014","28-Dec-2017","CE","6000","0","0","0","2071.1","0","2439.55","0","0","-","0","0","6675.3"
"NIFTY","17-Apr-2014","28-Dec-2017","CE","6000","0","0","0","2071.1","0","2556.4","0","0","-","0","0","6779.4"
"NIFTY","21-Apr-2014","28-Dec-2017","CE","6000","0","0","0","2071.1","0","2573.75","0","0","-","0","0","6817.65"
"NIFTY","22-Apr-2014","28-Dec-2017","CE","6000","0","0","0","2071.1","0","2566.35","0","0","-","0","0","6815.35"
"NIFTY","23-Apr-2014","28-Dec-2017","CE","6000","0","0","0","2071.1","0","2597.9","0","0","-","0","0","6840.8"
"NIFTY","25-Apr-2014","28-Dec-2017","CE","6000","0","0","0","2071.1","0","2534.85","0","0","-","0","0","6782.75"
"NIFTY","28-Apr-2014","28-Dec-2017","CE","6000","0","0","0","2071.1","0","2510.85","0","0","-","0","0","6761.25"
"NIFTY","29-Apr-2014","28-Dec-2017","CE","6000","0","0","0","2071.1","0","2457.45","0","0","-","0","0","6715.25"
"NIFTY","30-Apr-2014","28-Dec-2017","CE","6000","0","0","0","2071.1","0","2438.2","0","0","-","0","0","6696.4"
"NIFTY","02-May-2014","28-Dec-2017","CE","6000","0","0","0","2071.1","0","2428.4","0","0","-","0","0","6694.8"
"NIFTY","05-May-2014","28-Dec-2017","CE","6000","0","0","0","2071.1","0","2428.45","0","0","-","0","0","6699.35"
"NIFTY","06-May-2014","28-Dec-2017","CE","6000","0","0","0","2071.1","0","2441","0","0","-","0","0","6715.3"
"NIFTY","07-May-2014","28-Dec-2017","CE","6000","0","0","0","2071.1","0","2379.9","0","0","-","0","0","6652.55"
"NIFTY","08-May-2014","28-Dec-2017","CE","6000","0","0","0","2071.1","0","2380.4","0","0","-","0","0","6659.85"
"NIFTY","09-May-2014","28-Dec-2017","CE","6000","0","0","0","2071.1","0","2636.7","0","0","-","0","0","6858.8"
"NIFTY","12-May-2014","28-Dec-2017","CE","6000","0","0","0","2071.1","0","2818.05","0","0","-","0","0","7014.25"
"NIFTY","13-May-2014","28-Dec-2017","CE","6000","0","0","0","2071.1","0","2911.1","0","0","-","0","0","7108.75"
"NIFTY","14-May-2014","28-Dec-2017","CE","6000","0","0","0","2071.1","0","2898.7","0","0","-","0","0","7108.75"
"NIFTY","15-May-2014","28-Dec-2017","CE","6000","0","0","0","2071.1","0","2896.95","0","0","-","0","0","7123.15"
"NIFTY","16-May-2014","28-Dec-2017","CE","6000","0","0","0","2071.1","0","2969.9","0","0","-","0","0","7203"
"NIFTY","19-May-2014","28-Dec-2017","CE","6000","0","0","0","2071.1","0","3019.2","0","0","-","0","0","7263.55"
"NIFTY","20-May-2014","28-Dec-2017","CE","6000","0","0","0","2071.1","0","3009.45","0","0","-","0","0","7275.5"
"NIFTY","21-May-2014","28-Dec-2017","CE","6000","0","0","0","2071.1","0","2975.2","0","0","-","0","0","7252.9"
"NIFTY","22-May-2014","28-Dec-2017","CE","6000","0","0","0","2071.1","0","2994.1","0","0","-","0","0","7276.4"
"NIFTY","23-May-2014","28-Dec-2017","CE","6000","0","0","0","2071.1","0","3089.2","0","0","-","0","0","7367.1"
"NIFTY","26-May-2014","28-Dec-2017","CE","6000","0","0","0","2071.1","0","3049.8","0","0","-","0","0","7359.05"
"NIFTY","27-May-2014","28-Dec-2017","CE","6000","0","0","0","2071.1","0","3009.55","0","0","-","0","0","7318"
"NIFTY","28-May-2014","28-Dec-2017","CE","6000","0","0","0","2071.1","0","3018.05","0","0","-","0","0","7329.65"
"NIFTY","29-May-2014","28-Dec-2017","CE","6000","0","0","0","2071.1","0","2936.45","0","0","-","0","0","7235.65"
"NIFTY","30-May-2014","28-Dec-2017","CE","6000","0","0","0","2071.1","0","2927.75","0","0","-","0","0","7229.95"
"NIFTY","02-Jun-2014","28-Dec-2017","CE","6000","0","0","0","2071.1","0","3068.25","0","0","-","0","0","7362.5"
"NIFTY","03-Jun-2014","28-Dec-2017","CE","6000","0","0","0","2071.1","0","3116.45","0","0","-","0","0","7415.85"
"NIFTY","04-Jun-2014","28-Dec-2017","CE","6000","0","0","0","2071.1","0","3092.8","0","0","-","0","0","7402.25"
"NIFTY","05-Jun-2014","28-Dec-2017","CE","6000","0","0","0","2071.1","0","3155.65","0","0","-","0","0","7474.1"
"NIFTY","06-Jun-2014","28-Dec-2017","CE","6000","0","0","0","2071.1","0","3261.4","0","0","-","0","0","7583.4"
"NIFTY","09-Jun-2014","28-Dec-2017","CE","6000","0","0","0","2071.1","0","3332.05","0","0","-","0","0","7654.6"
"NIFTY","10-Jun-2014","28-Dec-2017","CE","6000","0","0","0","2071.1","0","3314.85","0","0","-","0","0","7656.4"
"NIFTY","11-Jun-2014","28-Dec-2017","CE","6000","0","0","0","2071.1","0","3276.05","0","0","-","0","0","7626.85"
"NIFTY","12-Jun-2014","28-Dec-2017","CE","6000","0","0","0","2071.1","0","3295.5","0","0","-","0","0","7649.9"
"NIFTY","13-Jun-2014","28-Dec-2017","CE","6000","0","0","0","2071.1","0","3198.3","0","0","-","0","0","7542.1"
"NIFTY","16-Jun-2014","28-Dec-2017","CE","6000","0","0","0","2071.1","0","3204.15","0","0","-","0","0","7533.55"
"NIFTY","17-Jun-2014","28-Dec-2017","CE","6000","0","0","0","2071.1","0","3310.85","0","0","-","0","0","7631.7"
"NIFTY","18-Jun-2014","28-Dec-2017","CE","6000","0","0","0","2071.1","0","3233.45","0","0","-","0","0","7558.2"
"NIFTY","19-Jun-2014","28-Dec-2017","CE","6000","0","0","0","2071.1","0","3208.65","0","0","-","0","0","7540.7"
"NIFTY","20-Jun-2014","28-Dec-2017","CE","6000","0","0","0","2071.1","0","3151.75","0","0","-","0","0","7511.45"
"NIFTY","23-Jun-2014","28-Dec-2017","CE","6000","0","0","0","2071.1","0","3124.85","0","0","-","0","0","7493.35"
"NIFTY","24-Jun-2014","28-Dec-2017","CE","6000","0","0","0","2071.1","0","3210.4","0","0","-","0","0","7580.2"
"NIFTY","25-Jun-2014","28-Dec-2017","CE","6000","0","0","0","2071.1","0","3197.05","0","0","-","0","0","7569.25"
"NIFTY","26-Jun-2014","28-Dec-2017","CE","6000","0","0","0","2071.1","0","3118.1","0","0","-","0","0","7493.2"
"NIFTY","27-Jun-2014","28-Dec-2017","CE","6000","0","0","0","2071.1","0","3129.25","0","0","-","0","0","7508.8"
"NIFTY","30-Jun-2014","28-Dec-2017","CE","6000","0","0","0","2071.1","0","3229.8","0","0","-","0","0","7611.35"
"NIFTY","01-Jul-2014","28-Dec-2017","CE","6000","0","0","0","2071.1","0","3241.55","0","0","-","0","0","7634.7"
"NIFTY","02-Jul-2014","28-Dec-2017","CE","6000","0","0","0","2071.1","0","3325","0","0","-","0","0","7725.15"
"NIFTY","03-Jul-2014","28-Dec-2017","CE","6000","0","0","0","2071.1","0","3302.3","0","0","-","0","0","7714.8"
"NIFTY","04-Jul-2014","28-Dec-2017","CE","6000","0","0","0","2071.1","0","3328.6","0","0","-","0","0","7751.6"
"NIFTY","07-Jul-2014","28-Dec-2017","CE","6000","0","0","0","2071.1","0","3366.8","0","0","-","0","0","7787.15"
"NIFTY","08-Jul-2014","28-Dec-2017","CE","6000","0","0","0","2071.1","0","3232.5","0","0","-","0","0","7623.2"
"NIFTY","09-Jul-2014","28-Dec-2017","CE","6000","0","0","0","2071.1","0","3202.85","0","0","-","0","0","7585"
"NIFTY","10-Jul-2014","28-Dec-2017","CE","6000","0","0","0","2071.1","0","3181.2","0","0","-","0","0","7567.75"
"NIFTY","11-Jul-2014","28-Dec-2017","CE","6000","0","0","0","2071.1","0","3089.2","0","0","-","0","0","7459.6"
"NIFTY","14-Jul-2014","28-Dec-2017","CE","6000","0","0","0","2071.1","0","3070","0","0","-","0","0","7454.15"
"NIFTY","15-Jul-2014","28-Dec-2017","CE","6000","0","0","0","2071.1","0","3143.8","0","0","-","0","0","7526.65"
"NIFTY","16-Jul-2014","28-Dec-2017","CE","6000","0","0","0","2071.1","0","3244.05","0","0","-","0","0","7624.4"
"NIFTY","17-Jul-2014","28-Dec-2017","CE","6000","0","0","0","2071.1","0","3245.6","0","0","-","0","0","7640.45"
"NIFTY","18-Jul-2014","28-Dec-2017","CE","6000","0","0","0","2071.1","0","3266.85","0","0","-","0","0","7663.9"
"NIFTY","21-Jul-2014","28-Dec-2017","CE","6000","0","0","0","2071.1","0","3284.95","0","0","-","0","0","7684.2"
"NIFTY","22-Jul-2014","28-Dec-2017","CE","6000","0","0","0","2071.1","0","3366.3","0","0","-","0","0","7767.85"
"NIFTY","23-Jul-2014","28-Dec-2017","CE","6000","0","0","0","2071.1","0","3389","0","0","-","0","0","7795.75"
"NIFTY","24-Jul-2014","28-Dec-2017","CE","6000","0","0","0","2071.1","0","3420.9","0","0","-","0","0","7830.6"
"NIFTY","25-Jul-2014","28-Dec-2017","CE","6000","0","0","0","2071.1","0","3382.85","0","0","-","0","0","7790.45"
"NIFTY","28-Jul-2014","28-Dec-2017","CE","6000","0","0","0","2071.1","0","3341.2","0","0","-","0","0","7748.7"
"NIFTY","30-Jul-2014","28-Dec-2017","CE","6000","0","0","0","2071.1","0","3372.2","0","0","-","0","0","7791.4"
"NIFTY","31-Jul-2014","28-Dec-2017","CE","6000","0","0","0","2071.1","0","3304.45","0","0","-","0","0","7721.3"
"NIFTY","01-Aug-2014","28-Dec-2017","CE","6000","0","0","0","2071.1","0","3196.55","0","0","-","0","0","7602.6"
"NIFTY","04-Aug-2014","28-Dec-2017","CE","6000","0","0","0","2071.1","0","3271.5","0","0","-","0","0","7683.65"
"NIFTY","05-Aug-2014","28-Dec-2017","CE","6000","0","0","0","2071.1","0","3329.65","0","0","-","0","0","7746.55"
"NIFTY","06-Aug-2014","28-Dec-2017","CE","6000","0","0","0","2071.1","0","3269.8","0","0","-","0","0","7672.05"
"NIFTY","07-Aug-2014","28-Dec-2017","CE","6000","0","0","0","2071.1","0","3244","0","0","-","0","0","7649.25"
"NIFTY","08-Aug-2014","28-Dec-2017","CE","6000","0","0","0","2071.1","0","3170.9","0","0","-","0","0","7568.55"
"NIFTY","11-Aug-2014","28-Dec-2017","CE","6000","0","0","0","2071.1","0","3211.05","0","0","-","0","0","7625.95"
"NIFTY","12-Aug-2014","28-Dec-2017","CE","6000","0","0","0","2071.1","0","3318.25","0","0","-","0","0","7727.05"
"NIFTY","13-Aug-2014","28-Dec-2017","CE","6000","0","0","0","2071.1","0","3323.55","0","0","-","0","0","7739.55"
"NIFTY","14-Aug-2014","28-Dec-2017","CE","6000","0","0","0","2071.1","0","3376.05","0","0","-","0","0","7791.7"
"NIFTY","18-Aug-2014","28-Dec-2017","CE","6000","0","0","0","2071.1","0","3454.3","0","0","-","0","0","7874.25"
"NIFTY","19-Aug-2014","28-Dec-2017","CE","6000","0","0","0","2071.1","0","3474.25","0","0","-","0","0","7897.5"
"NIFTY","20-Aug-2014","28-Dec-2017","CE","6000","0","0","0","2071.1","0","3447.15","0","0","-","0","0","7875.3"
"NIFTY","21-Aug-2014","28-Dec-2017","CE","6000","0","0","0","2071.1","0","3461.9","0","0","-","0","0","7891.1"
"NIFTY","22-Aug-2014","28-Dec-2017","CE","6000","0","0","0","2071.1","0","3480.55","0","0","-","0","0","7913.2"
"NIFTY","25-Aug-2014","28-Dec-2017","CE","6000","0","0","0","2071.1","0","3459.75","0","0","-","0","0","7906.3"
"NIFTY","26-Aug-2014","28-Dec-2017","CE","6000","0","0","0","2071.1","0","3459.85","0","0","-","0","0","7904.75"
"NIFTY","27-Aug-2014","28-Dec-2017","CE","6000","0","0","0","2071.1","0","3490.2","0","0","-","0","0","7936.05"
"NIFTY","28-Aug-2014","28-Dec-2017","CE","6000","0","0","0","2071.1","0","3501.85","0","0","-","0","0","7954.35"
"NIFTY","01-Sep-2014","28-Dec-2017","CE","6000","0","0","0","2071.1","0","3569.65","0","0","-","0","0","8027.7"
"NIFTY","02-Sep-2014","28-Dec-2017","CE","6000","0","0","0","2071.1","0","3629.35","0","0","-","0","0","8083.05"
"NIFTY","03-Sep-2014","28-Dec-2017","CE","6000","0","0","0","2071.1","0","3654.55","0","0","-","0","0","8114.6"
"NIFTY","04-Sep-2014","28-Dec-2017","CE","6000","0","0","0","2071.1","0","3631.25","0","0","-","0","0","8095.95"
"NIFTY","05-Sep-2014","28-Dec-2017","CE","6000","0","0","0","2071.1","0","3620.5","0","0","-","0","0","8086.85"
"NIFTY","08-Sep-2014","28-Dec-2017","CE","6000","0","0","0","2071.1","0","3704.95","0","0","-","0","0","8173.9"
"NIFTY","09-Sep-2014","28-Dec-2017","CE","6000","0","0","0","2071.1","0","3683.85","0","0","-","0","0","8152.95"
"NIFTY","10-Sep-2014","28-Dec-2017","CE","6000","0","0","0","2071.1","0","3625.7","0","0","-","0","0","8094.1"
"NIFTY","11-Sep-2014","28-Dec-2017","CE","6000","0","0","0","2071.1","0","3617.1","0","0","-","0","0","8085.7"
"NIFTY","12-Sep-2014","28-Dec-2017","CE","6000","0","0","0","2071.1","0","3638.25","0","0","-","0","0","8105.5"
"NIFTY","15-Sep-2014","28-Dec-2017","CE","6000","0","0","0","2071.1","0","3571.9","0","0","-","0","0","8042"
"NIFTY","16-Sep-2014","28-Dec-2017","CE","6000","0","0","0","2071.1","0","3460.45","0","0","-","0","0","7932.9"
"NIFTY","17-Sep-2014","28-Dec-2017","CE","6000","0","0","0","2071.1","0","3511.35","0","0","-","0","0","7975.5"
"NIFTY","18-Sep-2014","28-Dec-2017","CE","6000","0","0","0","2071.1","0","3644.7","0","0","-","0","0","8114.75"
"NIFTY","19-Sep-2014","28-Dec-2017","CE","6000","0","0","0","2071.1","0","3642.6","0","0","-","0","0","8121.45"
"NIFTY","22-Sep-2014","28-Dec-2017","CE","6000","0","0","0","2071.1","0","3665.5","0","0","-","0","0","8146.3"
"NIFTY","23-Sep-2014","28-Dec-2017","CE","6000","0","0","0","2071.1","0","3541.9","0","0","-","0","0","8017.55"
"NIFTY","24-Sep-2014","28-Dec-2017","CE","6000","0","0","0","2071.1","0","3523.4","0","0","-","0","0","8002.4"
"NIFTY","25-Sep-2014","28-Dec-2017","CE","6000","0","0","0","2071.1","0","3444.15","0","0","-","0","0","7911.85"
"NIFTY","26-Sep-2014","28-Dec-2017","CE","6000","0","0","0","2071.1","0","3491.35","0","0","-","0","0","7968.85"
"NIFTY","29-Sep-2014","28-Dec-2017","CE","6000","0","0","0","2071.1","0","3474.3","0","0","-","0","0","7958.9"
"NIFTY","30-Sep-2014","28-Dec-2017","CE","6000","0","0","0","2071.1","0","3479.75","0","0","-","0","0","7964.8"
"NIFTY","01-Oct-2014","28-Dec-2017","CE","6000","0","0","0","2071.1","0","3450.75","0","0","-","0","0","7945.55"
"NIFTY","07-Oct-2014","28-Dec-2017","CE","6000","0","0","0","2071.1","0","3366.25","0","0","-","0","0","7852.4"
"NIFTY","08-Oct-2014","28-Dec-2017","CE","6000","0","0","0","2071.1","0","3350.6","0","0","-","0","0","7842.7"
"NIFTY","09-Oct-2014","28-Dec-2017","CE","6000","0","0","0","2071.1","0","3468.95","0","0","-","0","0","7960.55"
"NIFTY","10-Oct-2014","28-Dec-2017","CE","6000","0","0","0","2071.1","0","3371.7","0","0","-","0","0","7859.95"
"NIFTY","13-Oct-2014","28-Dec-2017","CE","6000","0","0","0","2071.1","0","3389.3","0","0","-","0","0","7884.25"
"NIFTY","14-Oct-2014","28-Dec-2017","CE","6000","0","0","0","2071.1","0","3371.25","0","0","-","0","0","7864"
"NIFTY","16-Oct-2014","28-Dec-2017","CE","6000","0","0","0","2071.1","0","3260","0","0","-","0","0","7748.2"
"NIFTY","17-Oct-2014","28-Dec-2017","CE","6000","0","0","0","2071.1","0","3283.85","0","0","-","0","0","7779.7"
"NIFTY","20-Oct-2014","28-Dec-2017","CE","6000","0","0","0","2071.1","0","3382.5","0","0","-","0","0","7879.4"
"NIFTY","21-Oct-2014","28-Dec-2017","CE","6000","0","0","0","2071.1","0","3417.1","0","0","-","0","0","7927.75"
"NIFTY","22-Oct-2014","28-Dec-2017","CE","6000","0","0","0","2071.1","0","3484.1","0","0","-","0","0","7995.9"
"NIFTY","23-Oct-2014","28-Dec-2017","CE","6000","0","0","0","2071.1","0","3498.4","0","0","-","0","0","8014.55"
"NIFTY","27-Oct-2014","28-Dec-2017","CE","6000","0","0","0","2071.1","0","3471.9","0","0","-","0","0","7991.7"
"NIFTY","28-Oct-2014","28-Dec-2017","CE","6000","0","0","0","2071.1","0","3501.75","0","0","-","0","0","8027.6"
"NIFTY","29-Oct-2014","28-Dec-2017","CE","6000","0","0","0","2071.1","0","3557","0","0","-","0","0","8090.45"
"NIFTY","30-Oct-2014","28-Dec-2017","CE","6000","0","0","0","2071.1","0","3630.45","0","0","-","0","0","8169.2"
"NIFTY","31-Oct-2014","28-Dec-2017","CE","6000","0","0","0","2071.1","0","3790.2","0","0","-","0","0","8322.2"
"NIFTY","03-Nov-2014","28-Dec-2017","CE","6000","0","0","0","2071.1","0","3787.05","0","0","-","0","0","8324.15"
"NIFTY","05-Nov-2014","28-Dec-2017","CE","6000","0","0","0","2071.1","0","3800.4","0","0","-","0","0","8338.3"
"NIFTY","07-Nov-2014","28-Dec-2017","CE","6000","0","0","0","2071.1","0","3791.85","0","0","-","0","0","8337"
"NIFTY","10-Nov-2014","28-Dec-2017","CE","6000","0","0","0","2071.1","0","3788.25","0","0","-","0","0","8344.25"
"NIFTY","11-Nov-2014","28-Dec-2017","CE","6000","0","0","0","2071.1","0","3803.9","0","0","-","0","0","8362.65"
"NIFTY","12-Nov-2014","28-Dec-2017","CE","6000","0","0","0","2071.1","0","3822.15","0","0","-","0","0","8383.3"
"NIFTY","13-Nov-2014","28-Dec-2017","CE","6000","0","0","0","2071.1","0","3786.35","0","0","-","0","0","8357.85"
"NIFTY","14-Nov-2014","28-Dec-2017","CE","6000","0","0","0","2071.1","0","3817.9","0","0","-","0","0","8389.9"
"NIFTY","17-Nov-2014","28-Dec-2017","CE","6000","0","0","0","2071.1","0","3849.2","0","0","-","0","0","8430.75"
"NIFTY","18-Nov-2014","28-Dec-2017","CE","6000","0","0","0","2071.1","0","3841.2","0","0","-","0","0","8425.9"
"NIFTY","19-Nov-2014","28-Dec-2017","CE","6000","0","0","0","2071.1","0","3793.6","0","0","-","0","0","8382.3"
"NIFTY","20-Nov-2014","28-Dec-2017","CE","6000","0","0","0","2071.1","0","3805.9","0","0","-","0","0","8401.9"
"NIFTY","21-Nov-2014","28-Dec-2017","CE","6000","0","0","0","2071.1","0","3886.15","0","0","-","0","0","8477.35"
"NIFTY","24-Nov-2014","28-Dec-2017","CE","6000","0","0","0","2071.1","0","3943.95","0","0","-","0","0","8530.15"
"NIFTY","25-Nov-2014","28-Dec-2017","CE","6000","0","0","0","2071.1","0","3870.5","0","0","-","0","0","8463.1"
"NIFTY","26-Nov-2014","28-Dec-2017","CE","6000","0","0","0","2071.1","0","3885.85","0","0","-","0","0","8475.75"
"NIFTY","27-Nov-2014","28-Dec-2017","CE","6000","0","0","0","2071.1","0","3900.05","0","0","-","0","0","8494.2"
"NIFTY","28-Nov-2014","28-Dec-2017","CE","6000","0","0","0","2071.1","0","3996.3","0","0","-","0","0","8588.25"
"NIFTY","01-Dec-2014","28-Dec-2017","CE","6000","0","0","0","2071.1","0","3963.3","0","0","-","0","0","8555.9"
"NIFTY","02-Dec-2014","28-Dec-2017","CE","6000","0","0","0","2071.1","0","3929.4","0","0","-","0","0","8524.7"
"NIFTY","03-Dec-2014","28-Dec-2017","CE","6000","0","0","0","2071.1","0","3948","0","0","-","0","0","8537.65"
"NIFTY","04-Dec-2014","28-Dec-2017","CE","6000","0","0","0","2071.1","0","3963.65","0","0","-","0","0","8564.4"
"NIFTY","05-Dec-2014","28-Dec-2017","CE","6000","0","0","0","2071.1","0","3927.9","0","0","-","0","0","8538.3"
"NIFTY","08-Dec-2014","28-Dec-2017","CE","6000","0","0","0","2071.1","0","3829.55","0","0","-","0","0","8438.25"
"NIFTY","09-Dec-2014","28-Dec-2017","CE","6000","0","0","0","2071.1","0","3726.6","0","0","-","0","0","8340.7"
"NIFTY","10-Dec-2014","28-Dec-2017","CE","6000","0","0","0","2071.1","0","3735.65","0","0","-","0","0","8355.65"
"NIFTY","11-Dec-2014","28-Dec-2017","CE","6000","0","0","0","2071.1","0","3672.15","0","0","-","0","0","8292.9"
"NIFTY","12-Dec-2014","28-Dec-2017","CE","6000","0","0","0","2071.1","0","3598.7","0","0","-","0","0","8224.1"
"NIFTY","15-Dec-2014","28-Dec-2017","CE","6000","0","0","0","2071.1","0","3595.85","0","0","-","0","0","8219.6"
"NIFTY","16-Dec-2014","28-Dec-2017","CE","6000","0","0","0","2071.1","0","3450.95","0","0","-","0","0","8067.6"
"NIFTY","17-Dec-2014","28-Dec-2017","CE","6000","0","0","0","2071.1","0","3423.5","0","0","-","0","0","8029.8"
"NIFTY","18-Dec-2014","28-Dec-2017","CE","6000","0","0","0","2071.1","0","3554.15","0","0","-","0","0","8159.3"
"NIFTY","19-Dec-2014","28-Dec-2017","CE","6000","0","0","0","2071.1","0","3613.6","0","0","-","0","0","8225.2"
"NIFTY","22-Dec-2014","28-Dec-2017","CE","6000","0","0","0","2071.1","0","3719.65","0","0","-","0","0","8324"
"NIFTY","23-Dec-2014","28-Dec-2017","CE","6000","0","0","0","2071.1","0","3661.4","0","0","-","0","0","8267"
"NIFTY","24-Dec-2014","28-Dec-2017","CE","6000","0","0","0","2071.1","0","3562.85","0","0","-","0","0","8174.1"
"NIFTY","26-Dec-2014","28-Dec-2017","CE","6000","0","0","0","2071.1","0","3584.2","0","0","-","0","0","8200.7"
"NIFTY","29-Dec-2014","28-Dec-2017","CE","6000","0","0","0","2071.1","0","3627","0","0","-","0","0","8246.3"
"NIFTY","30-Dec-2014","28-Dec-2017","CE","6000","0","0","0","2071.1","0","3624.15","0","0","-","0","0","8248.25"
"NIFTY","31-Dec-2014","28-Dec-2017","CE","6000","0","0","0","2071.1","0","3659.8","0","0","-","0","0","8282.7"
"NIFTY","01-Jan-2015","28-Dec-2017","CE","6000","0","0","0","2071.1","0","3655.65","0","0","-","0","0","8284"
"NIFTY","02-Jan-2015","28-Dec-2017","CE","6000","0","0","0","2071.1","0","3765.3","0","0","-","0","0","8395.45"
"NIFTY","05-Jan-2015","28-Dec-2017","CE","6000","0","0","0","2071.1","0","3740.75","0","0","-","0","0","8378.4"
"NIFTY","06-Jan-2015","28-Dec-2017","CE","6000","0","0","0","2071.1","0","3532.75","0","0","-","0","0","8127.35"
"NIFTY","07-Jan-2015","28-Dec-2017","CE","6000","0","0","0","2071.1","0","3502","0","0","-","0","0","8102.1"
"NIFTY","08-Jan-2015","28-Dec-2017","CE","6000","0","0","0","2071.1","0","3636.7","0","0","-","0","0","8234.6"
"NIFTY","09-Jan-2015","28-Dec-2017","CE","6000","0","0","0","2071.1","0","3685.1","0","0","-","0","0","8284.5"
"NIFTY","12-Jan-2015","28-Dec-2017","CE","6000","0","0","0","2071.1","0","3713.9","0","0","-","0","0","8323"
"NIFTY","13-Jan-2015","28-Dec-2017","CE","6000","0","0","0","2071.1","0","3684.65","0","0","-","0","0","8299.4"
"NIFTY","14-Jan-2015","28-Dec-2017","CE","6000","0","0","0","2071.1","0","3662.65","0","0","-","0","0","8277.55"
"NIFTY","15-Jan-2015","28-Dec-2017","CE","6000","0","0","0","2071.1","0","3889.75","0","0","-","0","0","8494.15"
"NIFTY","16-Jan-2015","28-Dec-2017","CE","6000","0","0","0","2071.1","0","3900.35","0","0","-","0","0","8513.8"
"NIFTY","19-Jan-2015","28-Dec-2017","CE","6000","0","0","0","2071.1","0","3923.35","0","0","-","0","0","8550.7"
"NIFTY","20-Jan-2015","28-Dec-2017","CE","6000","0","0","0","2071.1","0","4071.45","0","0","-","0","0","8695.6"
"NIFTY","21-Jan-2015","28-Dec-2017","CE","6000","0","0","0","2071.1","0","4100.2","0","0","-","0","0","8729.5"
"NIFTY","22-Jan-2015","28-Dec-2017","CE","6000","0","0","0","2071.1","0","4119.9","0","0","-","0","0","8761.4"
"NIFTY","23-Jan-2015","28-Dec-2017","CE","6000","0","0","0","2071.1","0","4198.55","0","0","-","0","0","8835.6"
"NIFTY","27-Jan-2015","28-Dec-2017","CE","6000","0","0","0","2071.1","0","4269.8","0","0","-","0","0","8910.5"
"NIFTY","28-Jan-2015","28-Dec-2017","CE","6000","0","0","0","2071.1","0","4259.1","0","0","-","0","0","8914.3"
"NIFTY","29-Jan-2015","28-Dec-2017","CE","6000","0","0","0","2071.1","0","4293.85","0","0","-","0","0","8952.35"
"NIFTY","30-Jan-2015","28-Dec-2017","CE","6000","0","0","0","2071.1","0","4161.75","0","0","-","0","0","8808.9"
"NIFTY","02-Feb-2015","28-Dec-2017","CE","6000","0","0","0","2071.1","0","4139.05","0","0","-","0","0","8797.4"
"NIFTY","03-Feb-2015","28-Dec-2017","CE","6000","0","0","0","2071.1","0","4090.9","0","0","-","0","0","8756.55"
"NIFTY","04-Feb-2015","28-Dec-2017","CE","6000","0","0","0","2071.1","0","4062.5","0","0","-","0","0","8723.7"
"NIFTY","05-Feb-2015","28-Dec-2017","CE","6000","0","0","0","2071.1","0","4040.05","0","0","-","0","0","8711.7"
"NIFTY","06-Feb-2015","28-Dec-2017","CE","6000","0","0","0","2071.1","0","3983.35","0","0","-","0","0","8661.05"
"NIFTY","09-Feb-2015","28-Dec-2017","CE","6000","0","0","0","2071.1","0","3853.3","0","0","-","0","0","8526.35"
"NIFTY","10-Feb-2015","28-Dec-2017","CE","6000","0","0","0","2071.1","0","3898.4","0","0","-","0","0","8565.55"
"NIFTY","11-Feb-2015","28-Dec-2017","CE","6000","0","0","0","2071.1","0","3966.1","0","0","-","0","0","8627.4"
"NIFTY","12-Feb-2015","28-Dec-2017","CE","6000","0","0","0","2071.1","0","4052.15","0","0","-","0","0","8711.55"
"NIFTY","13-Feb-2015","28-Dec-2017","CE","6000","0","0","0","2071.1","0","4149.85","0","0","-","0","0","8805.5"
"NIFTY","16-Feb-2015","28-Dec-2017","CE","6000","0","0","0","2071.1","0","4150.45","0","0","-","0","0","8809.35"
"NIFTY","18-Feb-2015","28-Dec-2017","CE","6000","0","0","0","2071.1","0","4201.15","0","0","-","0","0","8869.1"
"NIFTY","19-Feb-2015","28-Dec-2017","CE","6000","0","0","0","2071.1","0","4224.4","0","0","-","0","0","8895.3"
"NIFTY","20-Feb-2015","28-Dec-2017","CE","6000","0","0","0","2071.1","0","4160.1","0","0","-","0","0","8833.6"
"NIFTY","23-Feb-2015","28-Dec-2017","CE","6000","0","0","0","2071.1","0","4081.5","0","0","-","0","0","8754.95"
"NIFTY","24-Feb-2015","28-Dec-2017","CE","6000","0","0","0","2071.1","0","4078","0","0","-","0","0","8762.1"
"NIFTY","25-Feb-2015","28-Dec-2017","CE","6000","0","0","0","2071.1","0","4082","0","0","-","0","0","8767.25"
"NIFTY","26-Feb-2015","28-Dec-2017","CE","6000","0","0","0","2071.1","0","3994.55","0","0","-","0","0","8683.85"
"NIFTY","27-Feb-2015","28-Dec-2017","CE","6000","0","0","0","2071.1","0","4161.65","0","0","-","0","0","8844.6"
"NIFTY","28-Feb-2015","28-Dec-2017","CE","6000","0","0","0","2071.1","0","4216.15","0","0","-","0","0","8901.85"
"NIFTY","02-Mar-2015","28-Dec-2017","CE","6000","0","0","0","2071.1","0","4269.95","0","0","-","0","0","8956.75"
"NIFTY","03-Mar-2015","28-Dec-2017","CE","6000","0","0","0","2071.1","0","4298.95","0","0","-","0","0","8996.25"
"NIFTY","04-Mar-2015","28-Dec-2017","CE","6000","0","0","0","2071.1","0","4216.75","0","0","-","0","0","8922.65"
"NIFTY","05-Mar-2015","28-Dec-2017","CE","6000","0","0","0","2071.1","0","4216.15","0","0","-","0","0","8937.75"
"NIFTY","09-Mar-2015","28-Dec-2017","CE","6000","0","0","0","2071.1","0","4051.9","0","0","-","0","0","8756.75"
"NIFTY","10-Mar-2015","28-Dec-2017","CE","6000","0","0","0","2071.1","0","4000.75","0","0","-","0","0","8712.05"
"NIFTY","11-Mar-2015","28-Dec-2017","CE","6000","0","0","0","2071.1","0","3991.5","0","0","-","0","0","8699.95"
"NIFTY","12-Mar-2015","28-Dec-2017","CE","6000","0","0","0","2071.1","0","4070.5","0","0","-","0","0","8776"
"NIFTY","13-Mar-2015","28-Dec-2017","CE","6000","0","0","0","2071.1","0","3944.5","0","0","-","0","0","8647.75"
"NIFTY","16-Mar-2015","28-Dec-2017","CE","6000","0","0","0","2071.1","0","3923.8","0","0","-","0","0","8633.15"
"NIFTY","17-Mar-2015","28-Dec-2017","CE","6000","0","0","0","2071.1","0","4016.2","0","0","-","0","0","8723.3"
"NIFTY","18-Mar-2015","28-Dec-2017","CE","6000","0","0","0","2071.1","0","3973.55","0","0","-","0","0","8685.9"
"NIFTY","19-Mar-2015","28-Dec-2017","CE","6000","0","0","0","2071.1","0","3924.25","0","0","-","0","0","8634.65"
"NIFTY","20-Mar-2015","28-Dec-2017","CE","6000","0","0","0","2071.1","0","3858.2","0","0","-","0","0","8570.9"
"NIFTY","23-Mar-2015","28-Dec-2017","CE","6000","0","0","0","2071.1","0","3831.75","0","0","-","0","0","8550.9"
"NIFTY","24-Mar-2015","28-Dec-2017","CE","6000","0","0","0","2071.1","0","3828.65","0","0","-","0","0","8542.95"
"NIFTY","25-Mar-2015","28-Dec-2017","CE","6000","0","0","0","2071.1","0","3816.6","0","0","-","0","0","8530.8"
"NIFTY","26-Mar-2015","28-Dec-2017","CE","6000","0","0","0","2071.1","0","3636.95","0","0","-","0","0","8342.15"
"NIFTY","27-Mar-2015","28-Dec-2017","CE","6000","0","0","0","2071.1","0","3635.05","0","0","-","0","0","8341.4"
"NIFTY","30-Mar-2015","28-Dec-2017","CE","6000","0","0","0","2071.1","0","3790.45","0","0","-","0","0","8492.3"
"NIFTY","31-Mar-2015","28-Dec-2017","CE","6000","0","0","0","2071.1","0","3780.2","0","0","-","0","0","8491"
"NIFTY","01-Apr-2015","28-Dec-2017","CE","6000","0","0","0","2071.1","0","3873.65","0","0","-","0","0","8586.25"
"NIFTY","06-Apr-2015","28-Dec-2017","CE","6000","0","0","0","2071.1","0","3896.8","0","0","-","0","0","8659.9"
"NIFTY","07-Apr-2015","28-Dec-2017","CE","6000","0","0","0","2071.1","0","3891.4","0","0","-","0","0","8660.3"
"NIFTY","08-Apr-2015","28-Dec-2017","CE","6000","0","0","0","2071.1","0","3939.35","0","0","-","0","0","8714.4"
"NIFTY","09-Apr-2015","28-Dec-2017","CE","6000","0","0","0","2071.1","0","3995.25","0","0","-","0","0","8778.3"
"NIFTY","10-Apr-2015","28-Dec-2017","CE","6000","0","0","0","2071.1","0","3993.85","0","0","-","0","0","8780.35"
"NIFTY","13-Apr-2015","28-Dec-2017","CE","6000","0","0","0","2071.1","0","4040.05","0","0","-","0","0","8834"
"NIFTY","15-Apr-2015","28-Dec-2017","CE","6000","0","0","0","2071.1","0","3961.6","0","0","-","0","0","8750.2"
"NIFTY","16-Apr-2015","28-Dec-2017","CE","6000","0","0","0","2071.1","0","3912.35","0","0","-","0","0","8706.7"
"NIFTY","17-Apr-2015","28-Dec-2017","CE","6000","0","0","0","2071.1","0","3812.05","0","0","-","0","0","8606"
"NIFTY","20-Apr-2015","28-Dec-2017","CE","6000","0","0","0","2071.1","0","3669.5","0","0","-","0","0","8448.1"
"NIFTY","21-Apr-2015","28-Dec-2017","CE","6000","0","0","0","2071.1","0","3599.85","0","0","-","0","0","8377.75"
"NIFTY","22-Apr-2015","28-Dec-2017","CE","6000","0","0","0","2071.1","0","3650.95","0","0","-","0","0","8429.7"
"NIFTY","23-Apr-2015","28-Dec-2017","CE","6000","0","0","0","2071.1","0","3613.6","0","0","-","0","0","8398.3"
"NIFTY","24-Apr-2015","28-Dec-2017","CE","6000","0","0","0","2071.1","0","3522.95","0","0","-","0","0","8305.25"
"NIFTY","27-Apr-2015","28-Dec-2017","CE","6000","0","0","0","2071.1","0","3430.7","0","0","-","0","0","8213.8"
"NIFTY","28-Apr-2015","28-Dec-2017","CE","6000","0","0","0","2071.1","0","3499.05","0","0","-","0","0","8285.6"
"NIFTY","29-Apr-2015","28-Dec-2017","CE","6000","0","0","0","2071.1","0","3459.15","0","0","-","0","0","8239.75"
"NIFTY","30-Apr-2015","28-Dec-2017","CE","6000","0","0","0","2071.1","0","3397.15","0","0","-","0","0","8181.5"
"NIFTY","04-May-2015","28-Dec-2017","CE","6000","0","0","0","2071.1","0","3550.95","0","0","-","0","0","8331.95"
"NIFTY","05-May-2015","28-Dec-2017","CE","6000","0","0","0","2071.1","0","3534.7","0","0","-","0","0","8324.8"
"NIFTY","06-May-2015","28-Dec-2017","CE","6000","0","0","0","2071.1","0","3359.65","0","0","-","0","0","8097"
"NIFTY","07-May-2015","28-Dec-2017","CE","6000","0","0","0","2071.1","0","3312.15","0","0","-","0","0","8057.3"
"NIFTY","08-May-2015","28-Dec-2017","CE","6000","0","0","0","2071.1","0","3446.25","0","0","-","0","0","8191.5"
"NIFTY","11-May-2015","28-Dec-2017","CE","6000","0","0","0","2071.1","0","3580.75","0","0","-","0","0","8325.25"
"NIFTY","12-May-2015","28-Dec-2017","CE","6000","0","0","0","2071.1","0","3423.7","0","0","-","0","0","8126.95"
"NIFTY","13-May-2015","28-Dec-2017","CE","6000","0","0","0","2071.1","0","3524.5","0","0","-","0","0","8235.45"
"NIFTY","14-May-2015","28-Dec-2017","CE","6000","0","0","0","2071.1","0","3501.8","0","0","-","0","0","8224.2"
"NIFTY","15-May-2015","28-Dec-2017","CE","6000","0","0","0","2071.1","0","3529.3","0","0","-","0","0","8262.35"
"NIFTY","18-May-2015","28-Dec-2017","CE","6000","0","0","0","2071.1","0","3630.9","0","0","-","0","0","8373.65"
"NIFTY","19-May-2015","28-Dec-2017","CE","6000","0","0","0","2071.1","0","3609.9","0","0","-","0","0","8365.65"
"NIFTY","20-May-2015","28-Dec-2017","CE","6000","0","0","0","2071.1","0","3654.4","0","0","-","0","0","8423.25"
"NIFTY","21-May-2015","28-Dec-2017","CE","6000","0","0","0","2071.1","0","3640.55","0","0","-","0","0","8421"
"NIFTY","22-May-2015","28-Dec-2017","CE","6000","0","0","0","2071.1","0","3673.2","0","0","-","0","0","8458.95"
"NIFTY","25-May-2015","28-Dec-2017","CE","6000","0","0","0","2071.1","0","3579","0","0","-","0","0","8370.25"
"NIFTY","26-May-2015","28-Dec-2017","CE","6000","0","0","0","2071.1","0","3539.6","0","0","-","0","0","8339.35"
"NIFTY","27-May-2015","28-Dec-2017","CE","6000","0","0","0","2071.1","0","3528.7","0","0","-","0","0","8334.6"
"NIFTY","28-May-2015","28-Dec-2017","CE","6000","0","0","0","2071.1","0","3507.05","0","0","-","0","0","8319"
"NIFTY","29-May-2015","28-Dec-2017","CE","6000","0","0","0","2071.1","0","3620.25","0","0","-","0","0","8433.65"
"NIFTY","01-Jun-2015","28-Dec-2017","CE","6000","0","0","0","2071.1","0","3612.7","0","0","-","0","0","8433.4"
"NIFTY","02-Jun-2015","28-Dec-2017","CE","6000","0","0","0","2071.1","0","3419.45","0","0","-","0","0","8236.45"
"NIFTY","03-Jun-2015","28-Dec-2017","CE","6000","0","0","0","2071.1","0","3334.85","0","0","-","0","0","8135.1"
"NIFTY","04-Jun-2015","28-Dec-2017","CE","6000","0","0","0","2071.1","0","3309.45","0","0","-","0","0","8130.65"
"NIFTY","05-Jun-2015","28-Dec-2017","CE","6000","0","0","0","2071.1","0","3279.65","0","0","-","0","0","8114.7"
"NIFTY","08-Jun-2015","28-Dec-2017","CE","6000","0","0","0","2071.1","0","3204.05","0","0","-","0","0","8044.15"
"NIFTY","09-Jun-2015","28-Dec-2017","CE","6000","0","0","0","2071.1","0","3177.5","0","0","-","0","0","8022.4"
"NIFTY","10-Jun-2015","28-Dec-2017","CE","6000","0","0","0","2071.1","0","3275.35","0","0","-","0","0","8124.45"
"NIFTY","11-Jun-2015","28-Dec-2017","CE","6000","0","0","0","2071.1","0","3140.85","0","0","-","0","0","7965.35"
"NIFTY","12-Jun-2015","28-Dec-2017","CE","6000","0","0","0","2071.1","0","3153.15","0","0","-","0","0","7982.9"
"NIFTY","15-Jun-2015","28-Dec-2017","CE","6000","0","0","0","2071.1","0","3171.1","0","0","-","0","0","8013.9"
"NIFTY","16-Jun-2015","28-Dec-2017","CE","6000","0","0","0","2071.1","0","3194.55","0","0","-","0","0","8047.3"
"NIFTY","17-Jun-2015","28-Dec-2017","CE","6000","0","0","0","2071.1","0","3240.4","0","0","-","0","0","8091.55"
"NIFTY","18-Jun-2015","28-Dec-2017","CE","6000","0","0","0","2071.1","0","3320.55","0","0","-","0","0","8174.6"
"NIFTY","19-Jun-2015","28-Dec-2017","CE","6000","0","0","0","2071.1","0","3370.4","0","0","-","0","0","8224.95"
"NIFTY","22-Jun-2015","28-Dec-2017","CE","6000","0","0","0","2071.1","0","3496.3","0","0","-","0","0","8353.1"
"NIFTY","23-Jun-2015","28-Dec-2017","CE","6000","0","0","0","2071.1","0","3516.75","0","0","-","0","0","8381.55"
"NIFTY","24-Jun-2015","28-Dec-2017","CE","6000","0","0","0","2071.1","0","3491","0","0","-","0","0","8360.85"
"NIFTY","25-Jun-2015","28-Dec-2017","CE","6000","0","0","0","2071.1","0","3525.1","0","0","-","0","0","8398"
"NIFTY","26-Jun-2015","28-Dec-2017","CE","6000","0","0","0","2071.1","0","3507.45","0","0","-","0","0","8381.1"
"NIFTY","29-Jun-2015","28-Dec-2017","CE","6000","0","0","0","2071.1","0","3453.2","0","0","-","0","0","8318.4"
"NIFTY","30-Jun-2015","28-Dec-2017","CE","6000","0","0","0","2071.1","0","3488.8","0","0","-","0","0","8368.5"
"NIFTY","01-Jul-2015","28-Dec-2017","CE","6000","0","0","0","2071.1","0","3567.95","0","0","-","0","0","8453.05"
"NIFTY","02-Jul-2015","28-Dec-2017","CE","6000","0","0","0","2071.1","0","3551.3","0","0","-","0","0","8444.9"
"NIFTY","03-Jul-2015","28-Dec-2017","CE","6000","0","0","0","2071.1","0","3586.75","0","0","-","0","0","8484.9"
"NIFTY","06-Jul-2015","28-Dec-2017","CE","6000","0","0","0","2071.1","0","3610.4","0","0","-","0","0","8522.15"
"NIFTY","07-Jul-2015","28-Dec-2017","CE","6000","0","0","0","2071.1","0","3586.75","0","0","-","0","0","8510.8"
"NIFTY","08-Jul-2015","28-Dec-2017","CE","6000","0","0","0","2071.1","0","3452.2","0","0","-","0","0","8363.05"
"NIFTY","09-Jul-2015","28-Dec-2017","CE","6000","0","0","0","2071.1","0","3416","0","0","-","0","0","8328.55"
"NIFTY","10-Jul-2015","28-Dec-2017","CE","6000","0","0","0","2071.1","0","3445.4","0","0","-","0","0","8360.55"
"NIFTY","13-Jul-2015","28-Dec-2017","CE","6000","0","0","0","2071.1","0","3539.5","0","0","-","0","0","8459.65"
"NIFTY","14-Jul-2015","28-Dec-2017","CE","6000","0","0","0","2071.1","0","3535.3","0","0","-","0","0","8454.1"
"NIFTY","15-Jul-2015","28-Dec-2017","CE","6000","0","0","0","2071.1","0","3605.25","0","0","-","0","0","8523.8"
"NIFTY","16-Jul-2015","28-Dec-2017","CE","6000","0","0","0","2071.1","0","3683.4","0","0","-","0","0","8608.05"
"NIFTY","17-Jul-2015","28-Dec-2017","CE","6000","0","0","0","2071.1","0","3682.25","0","0","-","0","0","8609.85"
"NIFTY","20-Jul-2015","28-Dec-2017","CE","6000","0","0","0","2071.1","0","3659.2","0","0","-","0","0","8603.45"
"NIFTY","21-Jul-2015","28-Dec-2017","CE","6000","0","0","0","2071.1","0","3593.3","0","0","-","0","0","8529.45"
"NIFTY","22-Jul-2015","28-Dec-2017","CE","6000","0","0","0","2071.1","0","3698.35","0","0","-","0","0","8633.5"
"NIFTY","23-Jul-2015","28-Dec-2017","CE","6000","0","0","0","2071.1","0","3649.4","0","0","-","0","0","8589.8"
"NIFTY","24-Jul-2015","28-Dec-2017","CE","6000","0","0","0","2071.1","0","3578.25","0","0","-","0","0","8521.55"
"NIFTY","27-Jul-2015","28-Dec-2017","CE","6000","0","0","0","2071.1","0","3420.6","0","0","-","0","0","8361"
"NIFTY","28-Jul-2015","28-Dec-2017","CE","6000","0","0","0","2071.1","0","3394.05","0","0","-","0","0","8337"
"NIFTY","29-Jul-2015","28-Dec-2017","CE","6000","0","0","0","2071.1","0","3430.45","0","0","-","0","0","8375.05"
"NIFTY","30-Jul-2015","28-Dec-2017","CE","6000","0","0","0","2071.1","0","3475.05","0","0","-","0","0","8421.8"
"NIFTY","31-Jul-2015","28-Dec-2017","CE","6000","0","0","0","2071.1","0","3582.95","0","0","-","0","0","8532.85"
"NIFTY","03-Aug-2015","28-Dec-2017","CE","6000","0","0","0","2071.1","0","3587.35","0","0","-","0","0","8543.05"
"NIFTY","04-Aug-2015","28-Dec-2017","CE","6000","0","0","0","2071.1","0","3557.45","0","0","-","0","0","8516.9"
"NIFTY","05-Aug-2015","28-Dec-2017","CE","6000","0","0","0","2071.1","0","3602.45","0","0","-","0","0","8567.95"
"NIFTY","06-Aug-2015","28-Dec-2017","CE","6000","0","0","0","2071.1","0","3618.05","0","0","-","0","0","8588.65"
"NIFTY","07-Aug-2015","28-Dec-2017","CE","6000","0","0","0","2071.1","0","3588.4","0","0","-","0","0","8564.6"
"NIFTY","10-Aug-2015","28-Dec-2017","CE","6000","0","0","0","2071.1","0","3541","0","0","-","0","0","8525.6"
"NIFTY","11-Aug-2015","28-Dec-2017","CE","6000","0","0","0","2071.1","0","3479.4","0","0","-","0","0","8462.35"
"NIFTY","12-Aug-2015","28-Dec-2017","CE","6000","0","0","0","2071.1","0","3370.6","0","0","-","0","0","8349.45"
"NIFTY","13-Aug-2015","28-Dec-2017","CE","6000","0","0","0","2071.1","0","3376.4","0","0","-","0","0","8355.85"
"NIFTY","14-Aug-2015","28-Dec-2017","CE","6000","0","0","0","2071.1","0","3546.1","0","0","-","0","0","8518.55"
"NIFTY","17-Aug-2015","28-Dec-2017","CE","6000","0","0","0","2071.1","0","3500.35","0","0","-","0","0","8477.3"
"NIFTY","18-Aug-2015","28-Dec-2017","CE","6000","0","0","0","2071.1","0","3486.35","0","0","-","0","0","8466.55"
"NIFTY","19-Aug-2015","28-Dec-2017","CE","6000","0","0","0","2071.1","0","3507.2","0","0","-","0","0","8495.15"
"NIFTY","20-Aug-2015","28-Dec-2017","CE","6000","0","0","0","2071.1","0","3392.05","0","0","-","0","0","8372.75"
"NIFTY","21-Aug-2015","28-Dec-2017","CE","6000","0","0","0","2071.1","0","3317.1","0","0","-","0","0","8299.95"
"NIFTY","24-Aug-2015","28-Dec-2017","CE","6000","0","0","0","2071.1","0","3133.65","0","0","-","0","0","7809"
"NIFTY","25-Aug-2015","28-Dec-2017","CE","6000","0","0","0","2071.1","0","3177.3","0","0","-","0","0","7880.7"
"NIFTY","26-Aug-2015","28-Dec-2017","CE","6000","0","0","0","2071.1","0","3084.25","0","0","-","0","0","7791.85"
"NIFTY","27-Aug-2015","28-Dec-2017","CE","6000","0","0","0","2071.1","0","3230.5","0","0","-","0","0","7948.95"
"NIFTY","28-Aug-2015","28-Dec-2017","CE","6000","0","0","0","2071.1","0","3257.85","0","0","-","0","0","8001.95"
"NIFTY","31-Aug-2015","28-Dec-2017","CE","6000","0","0","0","2071.1","0","3202.6","0","0","-","0","0","7971.3"
"NIFTY","01-Sep-2015","28-Dec-2017","CE","6000","0","0","0","2071.1","0","3063.3","0","0","0","0","0","7785.85"
"NIFTY","02-Sep-2015","28-Dec-2017","CE","6000","0","0","0","2071.1","0","2986.4","0","0","0","0","0","7717"
"NIFTY","03-Sep-2015","28-Dec-2017","CE","6000","0","0","0","2071.1","0","3069.6","0","0","0","0","0","7823"
"NIFTY","04-Sep-2015","28-Dec-2017","CE","6000","0","0","0","2071.1","0","2936.35","0","0","0","0","0","7655.05"
"NIFTY","07-Sep-2015","28-Dec-2017","CE","6000","0","0","0","2071.1","0","2837.95","0","0","0","0","0","7558.8"
"NIFTY","08-Sep-2015","28-Dec-2017","CE","6000","0","0","0","2071.1","0","2954.1","0","0","0","0","0","7688.25"
"NIFTY","09-Sep-2015","28-Dec-2017","CE","6000","0","0","0","2071.1","0","3071.45","0","0","0","0","0","7818.6"
"NIFTY","10-Sep-2015","28-Dec-2017","CE","6000","0","0","0","2071.1","0","3021.55","0","0","0","0","0","7788.1"
"NIFTY","11-Sep-2015","28-Dec-2017","CE","6000","0","0","0","2071.1","0","3002.05","0","0","0","0","0","7789.3"
"NIFTY","14-Sep-2015","28-Dec-2017","CE","6000","0","0","0","2071.1","0","3064.8","0","0","0","0","0","7872.25"
"NIFTY","15-Sep-2015","28-Dec-2017","CE","6000","0","0","0","2071.1","0","3009.5","0","0","0","0","0","7829.1"
"NIFTY","16-Sep-2015","28-Dec-2017","CE","6000","0","0","0","2071.1","0","3060.05","0","0","0","0","0","7899.15"
"NIFTY","18-Sep-2015","28-Dec-2017","CE","6000","0","0","0","2071.1","0","3123.8","0","0","0","0","0","7981.9"
"NIFTY","21-Sep-2015","28-Dec-2017","CE","6000","0","0","0","2071.1","0","3100","0","0","0","0","0","7977.1"
"NIFTY","22-Sep-2015","28-Dec-2017","CE","6000","0","0","0","2071.1","0","2969.15","0","0","0","0","0","7812"
"NIFTY","23-Sep-2015","28-Dec-2017","CE","6000","0","0","0","2071.1","0","2976.85","0","0","0","0","0","7845.95"
"NIFTY","24-Sep-2015","28-Dec-2017","CE","6000","0","0","0","2071.1","0","2979.15","0","0","0","0","0","7868.5"
"NIFTY","28-Sep-2015","28-Dec-2017","CE","6000","0","0","0","2071.1","0","2898.45","0","0","0","0","0","7795.7"
"NIFTY","29-Sep-2015","28-Dec-2017","CE","6000","0","0","0","2071.1","0","2909.15","0","0","0","0","0","7843.3"
"NIFTY","30-Sep-2015","28-Dec-2017","CE","6000","0","0","0","2071.1","0","2994.05","0","0","0","0","0","7948.9"
"NIFTY","01-Oct-2015","28-Dec-2017","CE","6000","0","0","0","2071.1","0","2973.6","0","0","0","0","0","7950.9"
"NIFTY","05-Oct-2015","28-Dec-2017","CE","6000","0","0","0","2071.1","0","3144.35","0","0","0","0","0","8119.3"
"NIFTY","06-Oct-2015","28-Dec-2017","CE","6000","0","0","0","2071.1","0","3159.3","0","0","0","0","0","8152.9"
"NIFTY","07-Oct-2015","28-Dec-2017","CE","6000","0","0","0","2071.1","0","3170.35","0","0","0","0","0","8177.4"
"NIFTY","08-Oct-2015","28-Dec-2017","CE","6000","0","0","0","2071.1","0","3114.6","0","0","0","0","0","8129.35"
"NIFTY","09-Oct-2015","28-Dec-2017","CE","6000","0","0","0","2071.1","0","3165.3","0","0","0","0","0","8189.7"
"NIFTY","12-Oct-2015","28-Dec-2017","CE","6000","0","0","0","2071.1","0","3109.85","0","0","0","0","0","8143.6"
"NIFTY","13-Oct-2015","28-Dec-2017","CE","6000","0","0","0","2071.1","0","3088.4","0","0","0","0","0","8131.7"
"NIFTY","14-Oct-2015","28-Dec-2017","CE","6000","0","0","0","2071.1","0","3055.65","0","0","0","0","0","8107.9"
"NIFTY","15-Oct-2015","28-Dec-2017","CE","6000","0","0","0","2071.1","0","3120.8","0","0","0","0","0","8179.5"
"NIFTY","16-Oct-2015","28-Dec-2017","CE","6000","0","0","0","2071.1","0","3172.65","0","0","0","0","0","8238.15"
"NIFTY","19-Oct-2015","28-Dec-2017","CE","6000","0","0","0","2071.1","0","3202.5","0","0","0","0","0","8275.05"
"NIFTY","20-Oct-2015","28-Dec-2017","CE","6000","0","0","0","2071.1","0","3182.75","0","0","0","0","0","8261.65"
"NIFTY","21-Oct-2015","28-Dec-2017","CE","6000","0","0","0","2071.1","0","3166.85","0","0","0","0","0","8251.7"
"NIFTY","23-Oct-2015","28-Dec-2017","CE","6000","0","0","0","2071.1","0","3208.05","0","0","0","0","0","8295.45"
"NIFTY","26-Oct-2015","28-Dec-2017","CE","6000","0","0","0","2071.1","0","3169.6","0","0","0","0","0","8260.55"
"NIFTY","27-Oct-2015","28-Dec-2017","CE","6000","0","0","0","2071.1","0","3138.15","0","0","0","0","0","8232.9"
"NIFTY","28-Oct-2015","28-Dec-2017","CE","6000","0","0","0","2071.1","0","3077.9","0","0","0","0","0","8171.2"
"NIFTY","29-Oct-2015","28-Dec-2017","CE","6000","0","0","0","2071.1","0","3018.7","0","0","0","0","0","8111.75"
"NIFTY","30-Oct-2015","28-Dec-2017","CE","6000","0","0","0","2071.1","0","2969.6","0","0","0","0","0","8065.8"
"NIFTY","02-Nov-2015","28-Dec-2017","CE","6000","0","0","0","2071.1","0","2947.5","0","0","0","0","0","8050.8"
"NIFTY","03-Nov-2015","28-Dec-2017","CE","6000","0","0","0","2071.1","0","2952.2","0","0","0","0","0","8060.7"
"NIFTY","04-Nov-2015","28-Dec-2017","CE","6000","0","0","0","2071.1","0","2930.85","0","0","0","0","0","8040.2"
"NIFTY","05-Nov-2015","28-Dec-2017","CE","6000","0","0","0","2071.1","0","2847.45","0","0","0","0","0","7955.45"
"NIFTY","06-Nov-2015","28-Dec-2017","CE","6000","0","0","0","2071.1","0","2842.6","0","0","0","0","0","7954.3"
"NIFTY","09-Nov-2015","28-Dec-2017","CE","6000","0","0","0","2071.1","0","2799.55","0","0","0","0","0","7915.2"
"NIFTY","10-Nov-2015","28-Dec-2017","CE","6000","0","0","0","2071.1","0","2680.15","0","0","0","0","0","7783.35"
"NIFTY","11-Nov-2015","28-Dec-2017","CE","6000","0","0","0","2071.1","0","2717.05","0","0","0","0","0","7825"
"NIFTY","13-Nov-2015","28-Dec-2017","CE","6000","0","0","0","2071.1","0","2654.75","0","0","0","0","0","7762.25"
"NIFTY","16-Nov-2015","28-Dec-2017","CE","6000","0","0","0","2071.1","0","2693.7","0","0","0","0","0","7806.6"
"NIFTY","17-Nov-2015","28-Dec-2017","CE","6000","0","0","0","2071.1","0","2720.35","0","0","0","0","0","7837.55"
"NIFTY","18-Nov-2015","28-Dec-2017","CE","6000","0","0","0","2071.1","0","2621.4","0","0","0","0","0","7731.8"
"NIFTY","19-Nov-2015","28-Dec-2017","CE","6000","0","0","0","2071.1","0","2734.7","0","0","0","0","0","7842.75"
"NIFTY","20-Nov-2015","28-Dec-2017","CE","6000","0","0","0","2071.1","0","2742.85","0","0","0","0","0","7856.55"
"NIFTY","23-Nov-2015","28-Dec-2017","CE","6000","0","0","0","2071.1","0","2728.75","0","0","0","0","0","7849.25"
"NIFTY","24-Nov-2015","28-Dec-2017","CE","6000","0","0","0","2071.1","0","2707.4","0","0","0","0","0","7831.6"
"NIFTY","26-Nov-2015","28-Dec-2017","CE","6000","0","0","0","2071.1","0","2754.15","0","0","0","0","0","7883.8"
"NIFTY","27-Nov-2015","28-Dec-2017","CE","6000","0","0","0","2071.1","0","2812.45","0","0","0","0","0","7942.7"
"NIFTY","30-Nov-2015","28-Dec-2017","CE","6000","0","0","0","2071.1","0","2800.5","0","0","0","0","0","7935.25"
"NIFTY","01-Dec-2015","28-Dec-2017","CE","6000","0","0","0","2071.1","0","2819","0","0","0","0","0","7954.9"
"NIFTY","02-Dec-2015","28-Dec-2017","CE","6000","0","0","0","2071.1","0","2793.2","0","0","0","0","0","7931.35"
"NIFTY","03-Dec-2015","28-Dec-2017","CE","6000","0","0","0","2071.1","0","2725.4","0","0","0","0","0","7864.15"
"NIFTY","04-Dec-2015","28-Dec-2017","CE","6000","0","0","0","2071.1","0","2645.6","0","0","0","0","0","7781.9"
"NIFTY","07-Dec-2015","28-Dec-2017","CE","6000","0","0","0","2071.1","0","2625.05","0","0","0","0","0","7765.4"
"NIFTY","08-Dec-2015","28-Dec-2017","CE","6000","0","0","0","2071.1","0","2559.95","0","0","0","0","0","7701.7"
"NIFTY","09-Dec-2015","28-Dec-2017","CE","6000","0","0","0","2071.1","0","2476.5","0","0","0","0","0","7612.5"
"NIFTY","10-Dec-2015","28-Dec-2017","CE","6000","0","0","0","2071.1","0","2547.5","0","0","0","0","0","7683.3"
"NIFTY","11-Dec-2015","28-Dec-2017","CE","6000","0","0","0","2071.1","0","2476.05","0","0","0","0","0","7610.45"
"NIFTY","14-Dec-2015","28-Dec-2017","CE","6000","0","0","0","2071.1","0","2511.3","0","0","0","0","0","7650.05"
"NIFTY","15-Dec-2015","28-Dec-2017","CE","6000","0","0","0","2071.1","0","2560","0","0","0","0","0","7700.9"
"NIFTY","16-Dec-2015","28-Dec-2017","CE","6000","0","0","0","2071.1","0","2606.95","0","0","0","0","0","7750.9"
"NIFTY","17-Dec-2015","28-Dec-2017","CE","6000","0","0","0","2071.1","0","2700.8","0","0","0","0","0","7844.35"
"NIFTY","18-Dec-2015","28-Dec-2017","CE","6000","0","0","0","2071.1","0","2621.35","0","0","0","0","0","7761.95"
"NIFTY","21-Dec-2015","28-Dec-2017","CE","6000","0","0","0","2071.1","0","2689.6","0","0","0","0","0","7834.45"
"NIFTY","22-Dec-2015","28-Dec-2017","CE","6000","0","0","0","2071.1","0","2640.05","0","0","0","0","0","7786.1"
"NIFTY","23-Dec-2015","28-Dec-2017","CE","6000","0","0","0","2071.1","0","2719.45","0","0","0","0","0","7865.95"
"NIFTY","24-Dec-2015","28-Dec-2017","CE","6000","0","0","0","2071.1","0","2710.65","0","0","0","0","0","7861.05"
"NIFTY","28-Dec-2015","28-Dec-2017","CE","6000","0","0","0","2071.1","0","2769.2","0","0","0","0","0","7925.15"
"NIFTY","29-Dec-2015","28-Dec-2017","CE","6000","0","0","0","2071.1","0","2769.5","0","0","0","0","0","7928.95"
"NIFTY","30-Dec-2015","28-Dec-2017","CE","6000","0","0","0","2071.1","0","2733.75","0","0","0","0","0","7896.25"
"NIFTY","31-Dec-2015","28-Dec-2017","CE","6000","0","0","0","2071.1","0","2780.4","0","0","0","0","0","7946.35"
"NIFTY","01-Jan-2016","28-Dec-2017","CE","6000","0","0","0","2071.1","0","2796.45","0","0","0","0","0","7963.2"
"NIFTY","04-Jan-2016","28-Dec-2017","CE","6000","0","0","0","2071.1","0","2642.4","0","0","0","0","0","7791.3"
"NIFTY","05-Jan-2016","28-Dec-2017","CE","6000","0","0","0","2071.1","0","2629.75","0","0","0","0","0","7784.65"
"NIFTY","06-Jan-2016","28-Dec-2017","CE","6000","0","0","0","2071.1","0","2585.1","0","0","0","0","0","7741"
"NIFTY","07-Jan-2016","28-Dec-2017","CE","6000","0","0","0","2071.1","0","2447.45","0","0","0","0","0","7568.3"
"NIFTY","08-Jan-2016","28-Dec-2017","CE","6000","0","0","0","2071.1","0","2472.8","0","0","0","0","0","7601.35"
"NIFTY","11-Jan-2016","28-Dec-2017","CE","6000","0","0","0","2071.1","0","2429.1","0","0","0","0","0","7563.85"
"NIFTY","12-Jan-2016","28-Dec-2017","CE","6000","0","0","0","2071.1","0","2376.5","0","0","0","0","0","7510.3"
"NIFTY","13-Jan-2016","28-Dec-2017","CE","6000","0","0","0","2071.1","0","2425.75","0","0","0","0","0","7562.4"
"NIFTY","14-Jan-2016","28-Dec-2017","CE","6000","0","0","0","2071.1","0","2400.15","0","0","0","0","0","7536.8"
"NIFTY","15-Jan-2016","28-Dec-2017","CE","6000","0","0","0","2071.1","0","2310.65","0","0","0","0","0","7437.8"
"NIFTY","18-Jan-2016","28-Dec-2017","CE","6000","0","0","0","2071.1","0","2233.35","0","0","0","0","0","7351"
"NIFTY","19-Jan-2016","28-Dec-2017","CE","6000","0","0","0","2071.1","0","2315.9","0","0","0","0","0","7435.1"
"NIFTY","20-Jan-2016","28-Dec-2017","CE","6000","0","0","0","2071.1","0","2212.9","0","0","0","0","0","7309.3"
"NIFTY","21-Jan-2016","28-Dec-2017","CE","6000","0","0","0","2071.1","0","2179.05","0","0","0","0","0","7276.8"
"NIFTY","22-Jan-2016","28-Dec-2017","CE","6000","0","0","0","2071.1","0","2339.05","0","0","0","0","0","7422.45"
"NIFTY","25-Jan-2016","28-Dec-2017","CE","6000","0","0","0","2071.1","0","2344.45","0","0","0","0","0","7436.15"
"NIFTY","27-Jan-2016","28-Dec-2017","CE","6000","0","0","0","2071.1","0","2336.8","0","0","0","0","0","7437.75"
"NIFTY","28-Jan-2016","28-Dec-2017","CE","6000","0","0","0","2071.1","0","2320.15","0","0","0","0","0","7424.65"
"NIFTY","29-Jan-2016","28-Dec-2017","CE","6000","0","0","0","2071.1","0","2472.45","0","0","0","0","0","7563.55"
"NIFTY","01-Feb-2016","28-Dec-2017","CE","6000","0","0","0","2071.1","0","2452.05","0","0","0","0","0","7555.95"
"NIFTY","02-Feb-2016","28-Dec-2017","CE","6000","0","0","0","2071.1","0","2367.85","0","0","0","0","0","7455.55"
"NIFTY","03-Feb-2016","28-Dec-2017","CE","6000","0","0","0","2071.1","0","2288.1","0","0","0","0","0","7361.8"
"NIFTY","04-Feb-2016","28-Dec-2017","CE","6000","0","0","0","2071.1","0","2323","0","0","0","0","0","7404"
"NIFTY","05-Feb-2016","28-Dec-2017","CE","6000","0","0","0","2071.1","0","2404.5","0","0","0","0","0","7489.1"
"NIFTY","08-Feb-2016","28-Dec-2017","CE","6000","0","0","0","2071.1","0","2311.6","0","0","0","0","0","7387.25"
"NIFTY","09-Feb-2016","28-Dec-2017","CE","6000","0","0","0","2071.1","0","2227.8","0","0","0","0","0","7298.2"
"NIFTY","10-Feb-2016","28-Dec-2017","CE","6000","0","0","0","2071.1","0","2156.75","0","0","0","0","0","7215.7"
"NIFTY","11-Feb-2016","28-Dec-2017","CE","6000","0","0","0","2071.1","0","2039.4","0","0","0","0","0","6976.35"
"NIFTY","12-Feb-2016","28-Dec-2017","CE","6000","0","0","0","2071.1","0","2025.85","0","0","0","0","0","6980.95"
"NIFTY","15-Feb-2016","28-Dec-2017","CE","6000","0","0","0","2071.1","0","2225.35","0","0","0","0","0","7162.95"
"NIFTY","16-Feb-2016","28-Dec-2017","CE","6000","0","0","0","2071.1","0","2130.7","0","0","0","0","0","7048.25"
"NIFTY","17-Feb-2016","28-Dec-2017","CE","6000","0","0","0","2071.1","0","2168.85","0","0","0","0","0","7108.45"
"NIFTY","18-Feb-2016","28-Dec-2017","CE","6000","0","0","0","2071.1","0","2236.95","0","0","0","0","0","7191.75"
"NIFTY","19-Feb-2016","28-Dec-2017","CE","6000","0","0","0","2071.1","0","2236","0","0","0","0","0","7210.75"
"NIFTY","22-Feb-2016","28-Dec-2017","CE","6000","0","0","0","2071.1","0","2240.45","0","0","0","0","0","7234.55"
"NIFTY","23-Feb-2016","28-Dec-2017","CE","6000","0","0","0","2071.1","0","2145.3","0","0","0","0","0","7109.55"
"NIFTY","24-Feb-2016","28-Dec-2017","CE","6000","0","0","0","2071.1","0","2071.35","0","0","0","0","0","7018.7"
"NIFTY","25-Feb-2016","28-Dec-2017","CE","6000","0","0","0","2071.1","0","2019.75","0","0","0","0","0","6970.6"
"NIFTY","26-Feb-2016","28-Dec-2017","CE","6000","0","0","0","2071.1","0","2063.3","0","0","0","0","0","7029.75"
"NIFTY","29-Feb-2016","28-Dec-2017","CE","6000","0","0","0","2071.1","0","2012.8","0","0","0","0","0","6987.05"
"NIFTY","01-Mar-2016","28-Dec-2017","CE","6000","0","0","0","2071.1","0","2293.7","0","0","0","0","0","7222.3"
"NIFTY","02-Mar-2016","28-Dec-2017","CE","6000","0","0","0","2071.1","0","2432.25","0","0","0","0","0","7368.85"
"NIFTY","03-Mar-2016","28-Dec-2017","CE","6000","0","0","0","2071.1","0","2518.35","0","0","0","0","0","7475.6"
"NIFTY","04-Mar-2016","28-Dec-2017","CE","6000","0","0","0","2071.1","0","2505.75","0","0","0","0","0","7485.35"
"NIFTY","08-Mar-2016","28-Dec-2017","CE","6000","0","0","0","2071.1","0","2482.25","0","0","0","0","0","7485.3"
"NIFTY","09-Mar-2016","28-Dec-2017","CE","6000","0","0","0","2071.1","0","2511.95","0","0","0","0","0","7531.8"
"NIFTY","10-Mar-2016","28-Dec-2017","CE","6000","0","0","0","2071.1","0","2460.45","0","0","0","0","0","7486.15"
"NIFTY","11-Mar-2016","28-Dec-2017","CE","6000","0","0","0","2071.1","0","2469.1","0","0","0","0","0","7510.2"
"NIFTY","14-Mar-2016","28-Dec-2017","CE","6000","0","0","0","2071.1","0","2479.2","0","0","0","0","0","7538.75"
"NIFTY","15-Mar-2016","28-Dec-2017","CE","6000","0","0","0","2071.1","0","2405.6","0","0","0","0","0","7460.6"
"NIFTY","16-Mar-2016","28-Dec-2017","CE","6000","0","0","0","2071.1","0","2427.4","0","0","0","0","0","7498.75"
"NIFTY","17-Mar-2016","28-Dec-2017","CE","6000","0","0","0","2071.1","0","2427.05","0","0","0","0","0","7512.55"
"NIFTY","18-Mar-2016","28-Dec-2017","CE","6000","0","0","0","2071.1","0","2511.6","0","0","0","0","0","7604.35"
"NIFTY","21-Mar-2016","28-Dec-2017","CE","6000","0","0","0","2071.1","0","2601.4","0","0","0","0","0","7704.25"
"NIFTY","22-Mar-2016","28-Dec-2017","CE","6000","0","0","0","2071.1","0","2600.7","0","0","0","0","0","7714.9"
"NIFTY","23-Mar-2016","28-Dec-2017","CE","6000","0","0","0","2071.1","0","2587.3","0","0","0","0","0","7716.5"
"NIFTY","28-Mar-2016","28-Dec-2017","CE","6000","0","0","0","2071.1","0","2489.65","0","0","0","0","0","7615.1"
"NIFTY","29-Mar-2016","28-Dec-2017","CE","6000","0","0","0","2071.1","0","2469.65","0","0","0","0","0","7597"
"NIFTY","30-Mar-2016","28-Dec-2017","CE","6000","0","0","0","2071.1","0","2611.8","0","0","0","0","0","7735.2"
"NIFTY","31-Mar-2016","28-Dec-2017","CE","6000","0","0","0","2071.1","0","2595.3","0","0","0","0","0","7738.4"
"NIFTY","01-Apr-2016","28-Dec-2017","CE","6000","0","0","0","2071.1","0","2563.05","0","0","0","0","0","7713.05"
"NIFTY","04-Apr-2016","28-Dec-2017","CE","6000","0","0","0","2071.1","0","2542.2","0","0","0","0","0","7758.8"
"NIFTY","05-Apr-2016","28-Dec-2017","CE","6000","0","0","0","2071.1","0","2395","0","0","0","0","0","7603.2"
"NIFTY","06-Apr-2016","28-Dec-2017","CE","6000","0","0","0","2071.1","0","2393.65","0","0","0","0","0","7614.35"
"NIFTY","07-Apr-2016","28-Dec-2017","CE","6000","0","0","0","2071.1","0","2326.65","0","0","0","0","0","7546.45"
"NIFTY","08-Apr-2016","28-Dec-2017","CE","6000","0","0","0","2071.1","0","2324.7","0","0","0","0","0","7555.2"
"NIFTY","11-Apr-2016","28-Dec-2017","CE","6000","0","0","0","2071.1","0","2438.55","0","0","0","0","0","7671.4"
"NIFTY","12-Apr-2016","28-Dec-2017","CE","6000","0","0","0","2071.1","0","2466.65","0","0","0","0","0","7708.95"
"NIFTY","13-Apr-2016","28-Dec-2017","CE","6000","0","0","0","2071.1","0","2613.85","0","0","0","0","0","7850.45"
"NIFTY","18-Apr-2016","28-Dec-2017","CE","6000","0","0","0","2071.1","0","2666.25","0","0","0","0","0","7914.7"
"NIFTY","20-Apr-2016","28-Dec-2017","CE","6000","0","0","0","2071.1","0","2655.75","0","0","0","0","0","7914.75"
"NIFTY","21-Apr-2016","28-Dec-2017","CE","6000","0","0","0","2071.1","0","2647.75","0","0","0","0","0","7912.05"
"NIFTY","22-Apr-2016","28-Dec-2017","CE","6000","0","0","0","2071.1","0","2628.55","0","0","0","0","0","7899.3"
"NIFTY","25-Apr-2016","28-Dec-2017","CE","6000","0","0","0","2071.1","0","2579","0","0","0","0","0","7855.05"
"NIFTY","26-Apr-2016","28-Dec-2017","CE","6000","0","0","0","2071.1","0","2690.4","0","0","0","0","0","7962.65"
"NIFTY","27-Apr-2016","28-Dec-2017","CE","6000","0","0","0","2071.1","0","2701.65","0","0","0","0","0","7979.9"
"NIFTY","28-Apr-2016","28-Dec-2017","CE","6000","0","0","0","2071.1","0","2582.55","0","0","0","0","0","7847.25"
"NIFTY","29-Apr-2016","28-Dec-2017","CE","6000","0","0","0","2071.1","0","2579.25","0","0","0","0","0","7849.8"
"NIFTY","02-May-2016","28-Dec-2017","CE","6000","0","0","0","2071.1","0","2530.9","0","0","0","0","0","7805.9"
"NIFTY","03-May-2016","28-Dec-2017","CE","6000","0","0","0","2071.1","0","2472.9","0","0","0","0","0","7747"
"NIFTY","04-May-2016","28-Dec-2017","CE","6000","0","0","0","2071.1","0","2430.85","0","0","0","0","0","7706.55"
"NIFTY","05-May-2016","28-Dec-2017","CE","6000","0","0","0","2071.1","0","2450","0","0","0","0","0","7735.5"
"NIFTY","06-May-2016","28-Dec-2017","CE","6000","0","0","0","2071.1","0","2440.8","0","0","0","0","0","7733.45"
"NIFTY","09-May-2016","28-Dec-2017","CE","6000","0","0","0","2071.1","0","2574.65","0","0","0","0","0","7866.05"
"NIFTY","10-May-2016","28-Dec-2017","CE","6000","0","0","0","2071.1","0","2590.25","0","0","0","0","0","7887.8"
"NIFTY","11-May-2016","28-Dec-2017","CE","6000","0","0","0","2071.1","0","2548.45","0","0","0","0","0","7848.85"
"NIFTY","12-May-2016","28-Dec-2017","CE","6000","0","0","0","2071.1","0","2597.8","0","0","0","0","0","7900.4"
"NIFTY","13-May-2016","28-Dec-2017","CE","6000","0","0","0","2071.1","0","2515.55","0","0","0","0","0","7814.9"
"NIFTY","16-May-2016","28-Dec-2017","CE","6000","0","0","0","2071.1","0","2555.05","0","0","0","0","0","7860.75"
"NIFTY","17-May-2016","28-Dec-2017","CE","6000","0","0","0","2071.1","0","2581.15","0","0","0","0","0","7890.75"
"NIFTY","18-May-2016","28-Dec-2017","CE","6000","0","0","0","2071.1","0","2553.85","0","0","0","0","0","7870.15"
"NIFTY","19-May-2016","28-Dec-2017","CE","6000","0","0","0","2071.1","0","2467.9","0","0","0","0","0","7783.4"
"NIFTY","20-May-2016","28-Dec-2017","CE","6000","0","0","0","2071.1","0","2431.55","0","0","0","0","0","7749.7"
"NIFTY","23-May-2016","28-Dec-2017","CE","6000","0","0","0","2071.1","0","2406.5","0","0","0","0","0","7731.05"
"NIFTY","24-May-2016","28-Dec-2017","CE","6000","0","0","0","2071.1","0","2419.4","0","0","0","0","0","7748.85"
"NIFTY","25-May-2016","28-Dec-2017","CE","6000","0","0","0","2071.1","0","2619.3","0","0","0","0","0","7934.9"
"NIFTY","26-May-2016","28-Dec-2017","CE","6000","0","0","0","2071.1","0","2754.35","0","0","0","0","0","8069.65"
"NIFTY","27-May-2016","28-Dec-2017","CE","6000","0","0","0","2071.1","0","2839.9","0","0","0","0","0","8156.65"
"NIFTY","30-May-2016","28-Dec-2017","CE","6000","0","0","0","2071.1","0","2851.85","0","0","0","0","0","8178.5"
"NIFTY","31-May-2016","28-Dec-2017","CE","6000","0","0","0","2071.1","0","2829.1","0","0","0","0","0","8160.1"
"NIFTY","01-Jun-2016","28-Dec-2017","CE","6000","0","0","0","2071.1","0","2841.6","0","0","0","0","0","8179.95"
"NIFTY","02-Jun-2016","28-Dec-2017","CE","6000","0","0","0","2071.1","0","2878","0","0","0","0","0","8218.95"
"NIFTY","03-Jun-2016","28-Dec-2017","CE","6000","0","0","0","2071.1","0","2876.1","0","0","0","0","0","8220.8"
"NIFTY","06-Jun-2016","28-Dec-2017","CE","6000","0","0","0","2071.1","0","2851.35","0","0","0","0","0","8201.05"
"NIFTY","07-Jun-2016","28-Dec-2017","CE","6000","0","0","0","2071.1","0","2911.85","0","0","0","0","0","8266.45"
"NIFTY","08-Jun-2016","28-Dec-2017","CE","6000","0","0","0","2071.1","0","2913.9","0","0","0","0","0","8273.05"
"NIFTY","09-Jun-2016","28-Dec-2017","CE","6000","0","0","0","2071.1","0","2843.45","0","0","0","0","0","8203.6"
"NIFTY","10-Jun-2016","28-Dec-2017","CE","6000","0","0","0","2071.1","0","2807.15","0","0","0","0","0","8170.05"
"NIFTY","13-Jun-2016","28-Dec-2017","CE","6000","0","0","0","2071.1","0","2744.1","0","0","0","0","0","8110.6"
"NIFTY","14-Jun-2016","28-Dec-2017","CE","6000","0","0","0","2071.1","0","2743.85","0","0","0","0","0","8108.85"
"NIFTY","15-Jun-2016","28-Dec-2017","CE","6000","0","0","0","2071.1","0","2841.95","0","0","0","0","0","8206.6"
"NIFTY","16-Jun-2016","28-Dec-2017","CE","6000","0","0","0","2071.1","0","2774.15","0","0","0","0","0","8140.75"
"NIFTY","17-Jun-2016","28-Dec-2017","CE","6000","0","0","0","2071.1","0","2802.6","0","0","0","0","0","8170.2"
"NIFTY","20-Jun-2016","28-Dec-2017","CE","6000","0","0","0","2071.1","0","2866.25","0","0","0","0","0","8238.5"
"NIFTY","21-Jun-2016","28-Dec-2017","CE","6000","0","0","0","2071.1","0","2845.7","0","0","0","0","0","8219.9"
"NIFTY","22-Jun-2016","28-Dec-2017","CE","6000","0","0","0","2071.1","0","2822.8","0","0","0","0","0","8203.7"
"NIFTY","23-Jun-2016","28-Dec-2017","CE","6000","0","0","0","2071.1","0","2886.5","0","0","0","0","0","8270.45"
"NIFTY","24-Jun-2016","28-Dec-2017","CE","6000","0","0","0","2071.1","0","2715.9","0","0","0","0","0","8088.6"
"NIFTY","27-Jun-2016","28-Dec-2017","CE","6000","0","0","0","2071.1","0","2715.1","0","0","0","0","0","8094.7"
"NIFTY","28-Jun-2016","28-Dec-2017","CE","6000","0","0","0","2071.1","0","2747.8","0","0","0","0","0","8127.85"
"NIFTY","29-Jun-2016","28-Dec-2017","CE","6000","0","0","0","2071.1","0","2822.75","0","0","0","0","0","8204"
"NIFTY","30-Jun-2016","28-Dec-2017","CE","6000","0","0","0","2071.1","0","2905.6","0","0","0","0","0","8287.75"
"NIFTY","01-Jul-2016","28-Dec-2017","CE","6000","0","0","0","2071.1","0","2941.8","0","0","0","0","0","8328.35"
"NIFTY","04-Jul-2016","28-Dec-2017","CE","6000","0","0","0","2071.1","0","2975.55","0","0","0","0","0","8370.7"
"NIFTY","05-Jul-2016","28-Dec-2017","CE","6000","0","0","0","2071.1","0","2936.7","0","0","0","0","0","8335.95"
"NIFTY","07-Jul-2016","28-Dec-2017","CE","6000","0","0","0","2071.1","0","2934.6","0","0","0","0","0","8337.9"
"NIFTY","08-Jul-2016","28-Dec-2017","CE","6000","0","0","0","2071.1","0","2918.05","0","0","0","0","0","8323.2"
"NIFTY","11-Jul-2016","28-Dec-2017","CE","6000","0","0","0","2071.1","0","3059","0","0","0","0","0","8467.9"
"NIFTY","12-Jul-2016","28-Dec-2017","CE","6000","0","0","0","2071.1","0","3108.45","0","0","0","0","0","8521.05"
"NIFTY","13-Jul-2016","28-Dec-2017","CE","6000","0","0","0","2071.1","0","3104.75","0","0","0","0","0","8519.5"
"NIFTY","14-Jul-2016","28-Dec-2017","CE","6000","0","0","0","2071.1","0","3146.85","0","0","0","0","0","8565"
"NIFTY","15-Jul-2016","28-Dec-2017","CE","6000","0","0","0","2071.1","0","3121.7","0","0","0","0","0","8541.4"
"NIFTY","18-Jul-2016","28-Dec-2017","CE","6000","0","0","0","2071.1","0","3087.1","0","0","0","0","0","8508.7"
"NIFTY","19-Jul-2016","28-Dec-2017","CE","6000","0","0","0","2071.1","0","3106.9","0","0","0","0","0","8528.55"
"NIFTY","20-Jul-2016","28-Dec-2017","CE","6000","0","0","0","2071.1","0","3141.2","0","0","0","0","0","8565.85"
"NIFTY","21-Jul-2016","28-Dec-2017","CE","6000","0","0","0","2071.1","0","3082.95","0","0","0","0","0","8510.1"
"NIFTY","22-Jul-2016","28-Dec-2017","CE","6000","0","0","0","2071.1","0","3114.25","0","0","0","0","0","8541.2"
"NIFTY","25-Jul-2016","28-Dec-2017","CE","6000","0","0","0","2071.1","0","3206.5","0","0","0","0","0","8635.65"
"NIFTY","26-Jul-2016","28-Dec-2017","CE","6000","0","0","0","2071.1","0","3158.1","0","0","0","0","0","8590.65"
"NIFTY","27-Jul-2016","28-Dec-2017","CE","6000","0","0","0","2071.1","0","3181.9","0","0","0","0","0","8615.8"
"NIFTY","28-Jul-2016","28-Dec-2017","CE","6000","0","0","0","2071.1","0","3230.45","0","0","0","0","0","8666.3"
"NIFTY","29-Jul-2016","28-Dec-2017","CE","6000","0","0","0","2071.1","0","3201.5","0","0","0","0","0","8638.5"
"NIFTY","01-Aug-2016","28-Dec-2017","CE","6000","0","0","0","2071.1","0","3196.3","0","0","0","0","0","8636.55"
"NIFTY","02-Aug-2016","28-Dec-2017","CE","6000","0","0","0","2071.1","0","3180","0","0","0","0","0","8622.9"
"NIFTY","03-Aug-2016","28-Dec-2017","CE","6000","0","0","0","2071.1","0","3099.55","0","0","0","0","0","8544.85"
"NIFTY","04-Aug-2016","28-Dec-2017","CE","6000","0","0","0","2071.1","0","3105.4","0","0","0","0","0","8551.1"
"NIFTY","05-Aug-2016","28-Dec-2017","CE","6000","0","0","0","2071.1","0","3236.95","0","0","0","0","0","8683.15"
"NIFTY","08-Aug-2016","28-Dec-2017","CE","6000","0","0","0","2071.1","0","3262.55","0","0","0","0","0","8711.35"
"NIFTY","09-Aug-2016","28-Dec-2017","CE","6000","0","0","0","2071.1","0","3227.6","0","0","0","0","0","8678.25"
"NIFTY","10-Aug-2016","28-Dec-2017","CE","6000","0","0","0","2071.1","0","3124.2","0","0","0","0","0","8575.3"
"NIFTY","11-Aug-2016","28-Dec-2017","CE","6000","0","0","0","2071.1","0","3138.2","0","0","0","0","0","8592.15"
"NIFTY","12-Aug-2016","28-Dec-2017","CE","6000","0","0","0","2071.1","0","3217.2","0","0","0","0","0","8672.15"
"NIFTY","16-Aug-2016","28-Dec-2017","CE","6000","0","0","0","2071.1","0","3183.3","0","0","0","0","0","8642.55"
"NIFTY","17-Aug-2016","28-Dec-2017","CE","6000","0","0","0","2071.1","0","3163.65","0","0","0","0","0","8624.05"
"NIFTY","18-Aug-2016","28-Dec-2017","CE","6000","0","0","0","2071.1","0","3212.45","0","0","0","0","0","8673.25"
"NIFTY","19-Aug-2016","28-Dec-2017","CE","6000","0","0","0","2071.1","0","3204.95","0","0","0","0","0","8666.9"
"NIFTY","22-Aug-2016","28-Dec-2017","CE","6000","0","0","0","2071.1","0","3164.05","0","0","0","0","0","8629.15"
"NIFTY","23-Aug-2016","28-Dec-2017","CE","6000","0","0","0","2071.1","0","3166.4","0","0","0","0","0","8632.6"
"NIFTY","24-Aug-2016","28-Dec-2017","CE","6000","0","0","0","2071.1","0","3182.25","0","0","0","0","0","8650.3"
"NIFTY","25-Aug-2016","28-Dec-2017","CE","6000","0","0","0","2071.1","0","3124.65","0","0","0","0","0","8592.2"
"NIFTY","26-Aug-2016","28-Dec-2017","CE","6000","0","0","0","2071.1","0","3105.35","0","0","0","0","0","8572.55"
"NIFTY","29-Aug-2016","28-Dec-2017","CE","6000","0","0","0","2071.1","0","3137.15","0","0","0","0","0","8607.45"
"NIFTY","30-Aug-2016","28-Dec-2017","CE","6000","0","0","0","2071.1","0","3273.25","0","0","0","0","0","8744.35"
"NIFTY","31-Aug-2016","28-Dec-2017","CE","6000","0","0","0","2071.1","0","3311.8","0","0","0","0","0","8786.2"
"NIFTY","01-Sep-2016","28-Dec-2017","CE","6000","0","0","0","2071.1","0","3300.6","0","0","0","0","0","8774.65"
"NIFTY","02-Sep-2016","28-Dec-2017","CE","6000","0","0","0","2071.1","0","3335.95","0","0","0","0","0","8809.65"
"NIFTY","06-Sep-2016","28-Dec-2017","CE","6000","0","0","0","2071.1","0","3467.5","0","0","0","0","0","8943"
"NIFTY","07-Sep-2016","28-Dec-2017","CE","6000","0","0","0","2071.1","0","3441.3","0","0","0","0","0","8917.95"
"NIFTY","08-Sep-2016","28-Dec-2017","CE","6000","0","0","0","2071.1","0","3474","0","0","0","0","0","8952.5"
"NIFTY","09-Sep-2016","28-Dec-2017","CE","6000","0","0","0","2071.1","0","3385.15","0","0","0","0","0","8866.7"
"NIFTY","12-Sep-2016","28-Dec-2017","CE","6000","0","0","0","2071.1","0","3231.55","0","0","0","0","0","8715.6"
"NIFTY","14-Sep-2016","28-Dec-2017","CE","6000","0","0","0","2071.1","0","3239.3","0","0","0","0","0","8726.6"
"NIFTY","15-Sep-2016","28-Dec-2017","CE","6000","0","0","0","2071.1","0","3253.9","0","0","0","0","0","8742.55"
"NIFTY","16-Sep-2016","28-Dec-2017","CE","6000","0","0","0","2071.1","0","3289.9","0","0","0","0","0","8779.85"
"NIFTY","19-Sep-2016","28-Dec-2017","CE","6000","0","0","0","2071.1","0","3315.85","0","0","0","0","0","8808.4"
"NIFTY","20-Sep-2016","28-Dec-2017","CE","6000","0","0","0","2071.1","0","3282.25","0","0","0","0","0","8775.9"
"NIFTY","21-Sep-2016","28-Dec-2017","CE","6000","0","0","0","2071.1","0","3280.95","0","0","0","0","0","8777.15"
"NIFTY","22-Sep-2016","28-Dec-2017","CE","6000","0","0","0","2071.1","0","3369.55","0","0","0","0","0","8867.45"
"NIFTY","23-Sep-2016","28-Dec-2017","CE","6000","0","0","0","2071.1","0","3333.25","0","0","0","0","0","8831.55"
"NIFTY","26-Sep-2016","28-Dec-2017","CE","6000","0","0","0","2071.1","0","3223.4","0","0","0","0","0","8723.05"
"NIFTY","27-Sep-2016","28-Dec-2017","CE","6000","0","0","0","2071.1","0","3205.55","0","0","0","0","0","8706.4"
"NIFTY","28-Sep-2016","28-Dec-2017","CE","6000","0","0","0","2071.1","0","3240.35","0","0","0","0","0","8745.15"
"NIFTY","29-Sep-2016","28-Dec-2017","CE","6000","0","0","0","2071.1","0","3087.05","0","0","0","0","0","8591.25"
"NIFTY","30-Sep-2016","28-Dec-2017","CE","6000","0","0","0","2071.1","0","3104.7","0","0","0","0","0","8611.15"
"NIFTY","03-Oct-2016","28-Dec-2017","CE","6000","0","0","0","2071.1","0","3228.45","0","0","0","0","0","8738.1"
"NIFTY","04-Oct-2016","28-Dec-2017","CE","6000","0","0","0","2071.1","0","3256.6","0","0","0","0","0","8769.15"
"NIFTY","05-Oct-2016","28-Dec-2017","CE","6000","0","0","0","2071.1","0","3219.95","0","0","0","0","0","8743.95"
"NIFTY","06-Oct-2016","28-Dec-2017","CE","6000","0","0","0","2071.1","0","3182.95","0","0","0","0","0","8709.55"
"NIFTY","07-Oct-2016","28-Dec-2017","CE","6000","0","0","0","2071.1","0","3168.4","0","0","0","0","0","8697.6"
"NIFTY","10-Oct-2016","28-Dec-2017","CE","6000","0","0","0","2071.1","0","3175.65","0","0","0","0","0","8708.8"
"NIFTY","13-Oct-2016","28-Dec-2017","CE","6000","0","0","0","2071.1","0","3037.85","0","0","0","0","0","8573.35"
"NIFTY","14-Oct-2016","28-Dec-2017","CE","6000","0","0","0","2071.1","0","3045.75","0","0","0","0","0","8583.4"
"NIFTY","17-Oct-2016","28-Dec-2017","CE","6000","0","0","0","2071.1","0","2979.2","0","0","0","0","0","8520.4"
"NIFTY","18-Oct-2016","28-Dec-2017","CE","6000","2950","2950","2950","2950","2950","2950","1","6.71","2.21","75","75","8677.9"
"NIFTY","19-Oct-2016","28-Dec-2017","CE","6000","0","0","0","2950","2950","3121.45","0","0","0","75","0","8659.1"
"NIFTY","20-Oct-2016","28-Dec-2017","CE","6000","0","0","0","2950","2950","3159.45","0","0","0","75","0","8699.4"
"NIFTY","21-Oct-2016","28-Dec-2017","CE","6000","0","0","0","2950","2950","3152.95","0","0","0","75","0","8693.05"
"NIFTY","24-Oct-2016","28-Dec-2017","CE","6000","0","0","0","2950","2950","3166","0","0","0","75","0","8708.95"
"NIFTY","25-Oct-2016","28-Dec-2017","CE","6000","2950","2950","2950","2950","2950","2950","2","13.43","4.43","225","150","8691.3"
"NIFTY","26-Oct-2016","28-Dec-2017","CE","6000","2900","2900","2900","2900","2900","2900","1","6.68","2.18","300","75","8615.25"
"NIFTY","27-Oct-2016","28-Dec-2017","CE","6000","0","0","0","2900","2900","3068.35","0","0","0","300","0","8615.25"
"NIFTY","28-Oct-2016","28-Dec-2017","CE","6000","2900","2900","2900","2900","2900","2900","4","26.7","8.7","600","300","8638"
"NIFTY","30-Oct-2016","28-Dec-2017","CE","6000","0","0","0","2900","2900","3075.35","0","0","0","600","0","8625.7"
"NIFTY","01-Nov-2016","28-Dec-2017","CE","6000","2900","2994.1","2900","2935.95","2946.7","2935.95","190","1277.98","422.98","12525","11925","-"
"NIFTY","02-Nov-2016","28-Dec-2017","CE","6000","2879.9","2891.3","2869","2890","2890","2890","17","113.25","36.75","13725","1200","-"
"NIFTY","03-Nov-2016","28-Dec-2017","CE","6000","2865","2865","2864","2865","2865","2865","16","106.38","34.38","14925","1200","-"
"NIFTY","04-Nov-2016","28-Dec-2017","CE","6000","2810","2810","2719.9","2721.7","2721.7","2721.7","20","131.78","41.78","14925","0","8433.75"
"NIFTY","07-Nov-2016","28-Dec-2017","CE","6000","2839.5","2862","2839.5","2862","2862","2862","70","464.67","149.67","20100","5175","8497.05"
"NIFTY","08-Nov-2016","28-Dec-2017","CE","6000","2839","2876.15","2819.9","2859.2","2875","2859.2","93","617.16","198.66","26100","6000","8543.55"
"NIFTY","09-Nov-2016","28-Dec-2017","CE","6000","0","0","0","2859.2","2875","2871","0","0","0","26100","0","8432"
"NIFTY","10-Nov-2016","28-Dec-2017","CE","6000","0","0","0","2859.2","2875","2961.95","0","0","0","26100","0","8525.75"
"NIFTY","11-Nov-2016","28-Dec-2017","CE","6000","0","0","0","2859.2","2875","2742.25","0","0","0","26100","0","8296.3"
"NIFTY","15-Nov-2016","28-Dec-2017","CE","6000","2482.7","2509","2475.5","2485.3","2485.3","2485.3","6","38.21","11.21","26250","150","8108.45"
"NIFTY","16-Nov-2016","28-Dec-2017","CE","6000","2461.7","2493.9","2440.2","2440.2","2440.2","2440.2","20","127.18","37.18","27300","1050","8111.6"
"NIFTY","17-Nov-2016","28-Dec-2017","CE","6000","2425","2440","2350.55","2379.25","2407.9","2379.25","42","265.6","76.6","29700","2400","8079.95"
"NIFTY","18-Nov-2016","28-Dec-2017","CE","6000","2410.95","2410.95","2370.1","2370.1","2370.1","2370.1","4","25.14","7.14","29700","0","8074.1"
"NIFTY","21-Nov-2016","28-Dec-2017","CE","6000","0","0","0","2370.1","2370.1","2371.35","0","0","0","29700","0","7929.1"
"NIFTY","22-Nov-2016","28-Dec-2017","CE","6000","2295","2295","2258","2290","2290","2290","27","167.65","46.15","31125","1425","8002.3"
"NIFTY","23-Nov-2016","28-Dec-2017","CE","6000","2325","2340","2310","2324.85","2330","2324.85","21","131.12","36.62","32625","1500","8033.3"
"NIFTY","24-Nov-2016","28-Dec-2017","CE","6000","2247.1","2310","2247.1","2266.7","2260","2266.7","34","210.87","57.87","34725","2100","7965.5"
"NIFTY","25-Nov-2016","28-Dec-2017","CE","6000","2275","2352","2275","2352","2352","2352","26","162.16","45.16","36225","1500","8114.3"
"NIFTY","28-Nov-2016","28-Dec-2017","CE","6000","2350","2395","2350","2380","2380","2380","25","156.93","44.43","37650","1425","8126.9"
"NIFTY","29-Nov-2016","28-Dec-2017","CE","6000","2325","2423","2325","2405.65","2405.65","2405.65","118","744.12","213.12","43800","6150","8142.15"
"NIFTY","30-Nov-2016","28-Dec-2017","CE","6000","2400","2505","2400","2501.15","2501.55","2501.15","229","1450.47","419.97","57300","13500","8224.5"
"NIFTY","01-Dec-2016","28-Dec-2017","CE","6000","0","0","0","2501.15","2501.55","2603.55","0","0","0","57300","0","8192.9"
"NIFTY","02-Dec-2016","28-Dec-2017","CE","6000","2376","2406.3","2356","2356","2356","2356","10","62.95","17.95","57675","375","8086.8"
"NIFTY","05-Dec-2016","28-Dec-2017","CE","6000","2358","2405","2358","2405","2405","2405","6","37.7","10.7","58125","450","8128.75"
"NIFTY","06-Dec-2016","28-Dec-2017","CE","6000","2435","2450","2420.85","2420.85","2420.85","2420.85","9","57","16.5","58650","525","8143.15"
"NIFTY","07-Dec-2016","28-Dec-2017","CE","6000","2420","2430","2372","2372","2372","2372","8","50.52","14.52","58725","75","8102.05"
"NIFTY","08-Dec-2016","28-Dec-2017","CE","6000","2470","2499","2470","2496","2496","2496","16","101.86","29.86","59925","1200","8246.85"
"NIFTY","09-Dec-2016","28-Dec-2017","CE","6000","2510","2530.5","2506.5","2515","2515","2515","47","300.13","88.63","63450","3525","8261.75"
"NIFTY","12-Dec-2016","28-Dec-2017","CE","6000","2481.1","2481.2","2422","2425.2","2425.55","2425.2","42","266.65","77.65","65700","2250","8170.8"
"NIFTY","13-Dec-2016","28-Dec-2017","CE","6000","2418","2483","2418","2473.9","2465","2473.9","102","647.31","188.31","70950","5250","8221.8"
"NIFTY","14-Dec-2016","28-Dec-2017","CE","6000","2459","2466.8","2444.3","2457.75","2457","2457.75","62","393.07","114.07","73500","2550","8182.45"
"NIFTY","15-Dec-2016","28-Dec-2017","CE","6000","2478.65","2478.65","2434","2434","2434","2434","5","31.74","9.24","73650","150","8153.6"
"NIFTY","16-Dec-2016","28-Dec-2017","CE","6000","0","0","0","2434","2434","2529.85","0","0","0","73650","0","8139.45"
"NIFTY","19-Dec-2016","28-Dec-2017","CE","6000","2400","2408","2398","2398","2398","2398","12","75.62","21.62","74325","675","8104.35"
"NIFTY","20-Dec-2016","28-Dec-2017","CE","6000","2339","2360","2339","2355","2355","2355","9","56.4","15.9","74850","525","8082.4"
"NIFTY","21-Dec-2016","28-Dec-2017","CE","6000","2377.5","2377.5","2349","2349","2349","2349","4","25.1","7.1","75150","300","8061.3"
"NIFTY","22-Dec-2016","28-Dec-2017","CE","6000","2278","2278","2243","2243","2243","2243","7","43.37","11.87","75375","225","7979.1"
"NIFTY","23-Dec-2016","28-Dec-2017","CE","6000","2220","2260","2220","2255","2256","2255","88","543.68","147.68","81975","6600","7985.75"
"NIFTY","26-Dec-2016","28-Dec-2017","CE","6000","2172","2205","2170","2178.35","2185","2178.35","184","1129.23","301.23","94650","12675","7908.25"
"NIFTY","27-Dec-2016","28-Dec-2017","CE","6000","2181.7","2310","2101","2302.5","2300","2302.5","254","1557.25","414.25","104175","9525","8032.85"
"NIFTY","28-Dec-2016","28-Dec-2017","CE","6000","2325","2362","2300","2301.55","2302","2301.55","24","149.61","41.61","105600","1425","8034.85"
"NIFTY","29-Dec-2016","28-Dec-2017","CE","6000","2317.5","2356.25","2317.5","2355.1","2355.1","2355.1","26","162.59","45.59","106650","1050","8103.6"
"NIFTY","30-Dec-2016","28-Dec-2017","CE","6000","2430","2450","2430","2434.9","2434.9","2434.9","5","31.65","9.15","106650","0","8185.8"
"NIFTY","02-Jan-2017","28-Dec-2017","CE","6000","2440","2445","2435","2435","2435","2435","502","3175.79","916.79","106650","0","8179.5"
"NIFTY","03-Jan-2017","28-Dec-2017","CE","6000","2446.3","2446.3","2435","2435","2435","2435","4","25.33","7.33","106800","150","8192.25"
"NIFTY","04-Jan-2017","28-Dec-2017","CE","6000","2445","2450","2435","2435","2435","2435","5","31.67","9.17","107025","225","8190.5"
"NIFTY","05-Jan-2017","28-Dec-2017","CE","6000","2494.9","2527","2494.9","2520.8","2520.8","2520.8","16","102.17","30.17","108000","975","8273.8"
"NIFTY","06-Jan-2017","28-Dec-2017","CE","6000","0","0","0","2520.8","2520.8","2619.65","0","0","0","108000","0","8243.8"
"NIFTY","09-Jan-2017","28-Dec-2017","CE","6000","2501","2518.65","2499","2501.45","2503.9","2501.45","5","31.91","9.41","107700","-300","8236.05"
"NIFTY","10-Jan-2017","28-Dec-2017","CE","6000","0","0","0","2501.45","2503.9","2661.3","0","0","0","107700","0","8288.6"
"NIFTY","11-Jan-2017","28-Dec-2017","CE","6000","2624","2625.2","2624","2625.2","2625.2","2625.2","2","12.94","3.94","107775","75","8380.65"
"NIFTY","12-Jan-2017","28-Dec-2017","CE","6000","2644.1","2644.95","2644.1","2644.95","2644.95","2644.95","2","12.97","3.97","107925","150","8407.2"
"NIFTY","13-Jan-2017","28-Dec-2017","CE","6000","2637","2660","2637","2660","2660","2660","2","12.97","3.97","107925","0","8400.35"
"NIFTY","16-Jan-2017","28-Dec-2017","CE","6000","2680","2680","2680","2680","2680","2680","1","6.51","2.01","108000","75","8412.8"
"NIFTY","17-Jan-2017","28-Dec-2017","CE","6000","2670.9","2670.9","2645","2660.9","2660.9","2660.9","4","25.98","7.98","107775","-225","8398"
"NIFTY","18-Jan-2017","28-Dec-2017","CE","6000","2670","2670","2670","2670","2670","2670","1","6.5","2","107775","0","8417"
"NIFTY","19-Jan-2017","28-Dec-2017","CE","6000","2687","2687","2687","2687","2687","2687","1","6.52","2.02","107850","75","8435.1"
"NIFTY","20-Jan-2017","28-Dec-2017","CE","6000","2648.15","2648.15","2612","2622.35","2615","2622.35","8","51.75","15.75","107475","-375","8349.35"
"NIFTY","23-Jan-2017","28-Dec-2017","CE","6000","2643","2643","2643","2643","2643","2643","1","6.48","1.98","107475","0","8391.5"
"NIFTY","24-Jan-2017","28-Dec-2017","CE","6000","2688.65","2696.55","2683.65","2696.55","2696.55","2696.55","4","26.07","8.07","107475","0","8475.8"
"NIFTY","25-Jan-2017","28-Dec-2017","CE","6000","2765","2795","2765","2795","2795","2795","3","19.76","6.26","107700","225","8602.75"
"NIFTY","27-Jan-2017","28-Dec-2017","CE","6000","2890","2894.95","2884.95","2884.95","2884.95","2884.95","6","40.01","13.01","107925","225","8641.25"
"NIFTY","30-Jan-2017","28-Dec-2017","CE","6000","2865","2869.4","2855.3","2855.3","2855.3","2855.3","4","26.59","8.59","108000","75","8632.75"
"NIFTY","31-Jan-2017","28-Dec-2017","CE","6000","2794","2808","2785","2785","2785","2785","4","26.39","8.39","108150","150","8561.3"
"NIFTY","01-Feb-2017","28-Dec-2017","CE","6000","2894.95","2909.95","2894.95","2909.95","2909.95","2909.95","12","80.11","26.11","109050","900","8716.4"
"NIFTY","02-Feb-2017","28-Dec-2017","CE","6000","2950","2950","2945","2945","2945","2945","2","13.42","4.42","109050","0","8734.25"
"NIFTY","03-Feb-2017","28-Dec-2017","CE","6000","2930","2940","2930","2940","2940","2940","3","20.11","6.61","109050","0","8740.95"
"NIFTY","06-Feb-2017","28-Dec-2017","CE","6000","3019","3029.7","2995","2998.1","2998.1","2998.1","8","54.07","18.07","109050","0","8801.05"
"NIFTY","07-Feb-2017","28-Dec-2017","CE","6000","2990","2990","2962","2962","2962","2962","2","13.46","4.46","109125","75","8768.3"
"NIFTY","08-Feb-2017","28-Dec-2017","CE","6000","2994.9","2995.1","2984.1","2984.1","2984.1","2984.1","3","20.23","6.73","109350","225","8769.05"
"NIFTY","09-Feb-2017","28-Dec-2017","CE","6000","2957.4","3001","2945","2984.1","2984.1","2984.1","31","208.68","69.18","110025","675","8778.4"
"NIFTY","10-Feb-2017","28-Dec-2017","CE","6000","3016.35","3020.25","3015.35","3020.25","3020.25","3020.25","3","20.29","6.79","110175","150","8793.55"
"NIFTY","13-Feb-2017","28-Dec-2017","CE","6000","2988","3011.35","2985","3011.35","3011.35","3011.35","13","87.65","29.15","109650","-525","8805.05"
"NIFTY","14-Feb-2017","28-Dec-2017","CE","6000","3005","3022.15","3005","3022.15","3022.15","3022.15","3","20.27","6.77","109725","75","8792.3"
"NIFTY","15-Feb-2017","28-Dec-2017","CE","6000","2985","2985","2958","2965","2965","2965","11","74.01","24.51","109050","-675","8724.7"
"NIFTY","16-Feb-2017","28-Dec-2017","CE","6000","2967.5","3005","2962.5","3005","3005","3005","3","20.2","6.7","109050","0","8778"
"NIFTY","17-Feb-2017","28-Dec-2017","CE","6000","3043","3043","3038","3039","3038","3039","3","20.34","6.84","109050","0","8821.7"
"NIFTY","20-Feb-2017","28-Dec-2017","CE","6000","3080.2","3080.2","3080.2","3080.2","3080.2","3080.2","1","6.81","2.31","109125","75","8879.2"
"NIFTY","21-Feb-2017","28-Dec-2017","CE","6000","3093.25","3093.25","3093.25","3093.25","3093.25","3093.25","1","6.82","2.32","109125","0","8907.85"
"NIFTY","22-Feb-2017","28-Dec-2017","CE","6000","0","0","0","3093.25","3093.25","3251.05","0","0","0","109125","0","8926.9"
"NIFTY","23-Feb-2017","28-Dec-2017","CE","6000","3146.75","3180.9","3143","3145.5","3143","3145.5","11","75.56","26.06","109650","525","8939.5"
"NIFTY","27-Feb-2017","28-Dec-2017","CE","6000","3124","3124","3105.2","3105.2","3105.2","3105.2","2","13.67","4.67","109650","0","8896.7"
"NIFTY","28-Feb-2017","28-Dec-2017","CE","6000","3095","3095","3095","3095","3095","3095","1","6.82","2.32","109650","0","8879.6"
"NIFTY","01-Mar-2017","28-Dec-2017","CE","6000","3182","3182","3161","3166.45","3161","3166.45","4","27.5","9.5","109425","-225","8945.8"
"NIFTY","02-Mar-2017","28-Dec-2017","CE","6000","3119","3119","3092","3092","3092","3092","2","13.66","4.66","109425","0","8899.75"
"NIFTY","03-Mar-2017","28-Dec-2017","CE","6000","3080","3105","3069","3105","3105","3105","52","354.11","120.11","106200","-3225","8897.55"
"NIFTY","06-Mar-2017","28-Dec-2017","CE","6000","3152","3152","3152","3152","3152","3152","1","6.86","2.36","106200","0","8963.45"
"NIFTY","07-Mar-2017","28-Dec-2017","CE","6000","3140.8","3140.8","3140.8","3140.8","3140.8","3140.8","1","6.86","2.36","106275","75","8946.9"
"NIFTY","08-Mar-2017","28-Dec-2017","CE","6000","3092.1","3121.9","3092.1","3121.9","3121.9","3121.9","2","13.66","4.66","106425","150","8924.3"
"NIFTY","09-Mar-2017","28-Dec-2017","CE","6000","3134.65","3134.65","3134.65","3134.65","3134.65","3134.65","1","6.85","2.35","106350","-75","8927"
"NIFTY","10-Mar-2017","28-Dec-2017","CE","6000","3134","3134","3105","3105","3105","3105","2","13.68","4.68","106350","0","8934.55"
"NIFTY","14-Mar-2017","28-Dec-2017","CE","6000","3260.4","3260.4","3260.4","3260.4","3260.4","3260.4","1","6.95","2.45","106425","75","9087"
"NIFTY","15-Mar-2017","28-Dec-2017","CE","6000","3280","3280","3280","3280","3280","3280","1","6.96","2.46","106500","75","9084.8"
"NIFTY","16-Mar-2017","28-Dec-2017","CE","6000","3330","3330","3330","3330","3330","3330","1","7","2.5","106500","0","9153.7"
"NIFTY","17-Mar-2017","28-Dec-2017","CE","6000","3334.8","3334.8","3334.8","3334.8","3334.8","3334.8","1","7","2.5","106575","75","9160.05"
"NIFTY","20-Mar-2017","28-Dec-2017","CE","6000","3315.25","3315.25","3315.25","3315.25","3315.25","3315.25","1","6.99","2.49","106575","0","9126.85"
"NIFTY","21-Mar-2017","28-Dec-2017","CE","6000","3304","3304","3304","3304","3304","3304","1","6.98","2.48","106575","0","9121.5"
"NIFTY","22-Mar-2017","28-Dec-2017","CE","6000","3250","3250","3222","3222","3222","3222","2","13.85","4.85","106575","0","9030.45"
"NIFTY","23-Mar-2017","28-Dec-2017","CE","6000","3233","3233","3233","3233","3233","3233","1","6.92","2.42","106575","0","9086.3"
"NIFTY","24-Mar-2017","28-Dec-2017","CE","6000","3271","3272","3271","3272","3272","3272","2","13.91","4.91","106575","0","9108"
"NIFTY","27-Mar-2017","28-Dec-2017","CE","6000","3207","3239.8","3180.9","3239.8","3239.8","3239.8","4","27.63","9.63","106575","0","9045.2"
"NIFTY","28-Mar-2017","28-Dec-2017","CE","6000","3265","3265","3265","3265","3265","3265","1","6.95","2.45","106575","0","9100.8"
"NIFTY","29-Mar-2017","28-Dec-2017","CE","6000","3310","3310","3305","3305","3305","3305","2","13.96","4.96","106500","-75","9143.8"
"NIFTY","30-Mar-2017","28-Dec-2017","CE","6000","3305","3305","3254.9","3262","3262","3262","28","194.61","68.61","108225","1725","9173.75"
"NIFTY","31-Mar-2017","28-Dec-2017","CE","6000","3286","3290","3275","3283.35","3275","3283.35","6","41.79","14.79","108450","225","9173.75"
"NIFTY","03-Apr-2017","28-Dec-2017","CE","6000","3310","3389.9","3310","3371.65","3355","3371.65","5","35.07","12.57","108525","75","9237.85"
"NIFTY","05-Apr-2017","28-Dec-2017","CE","6000","3360","3400","3360","3381.15","3380","3381.15","18","126.62","45.62","109050","525","9265.15"
"NIFTY","06-Apr-2017","28-Dec-2017","CE","6000","3335","3368.25","3335","3368.25","3368.25","3368.25","2","14.03","5.03","109200","150","9261.95"
"NIFTY","07-Apr-2017","28-Dec-2017","CE","6000","3355","3360","3320","3327.5","3325","3327.5","17","119.21","42.71","109200","0","9198.3"
"NIFTY","10-Apr-2017","28-Dec-2017","CE","6000","3347.3","3347.3","3315","3320.05","3315.1","3320.05","9","62.95","22.45","109650","450","9181.45"
"NIFTY","11-Apr-2017","28-Dec-2017","CE","6000","3380","3390","3356","3390","3390","3390","3","21.09","7.59","109650","0","9237"
"NIFTY","12-Apr-2017","28-Dec-2017","CE","6000","3315","3357.95","3315","3357.95","3357.95","3357.95","4","28","10","109425","-225","9203.45"
"NIFTY","13-Apr-2017","28-Dec-2017","CE","6000","3350","3350","3317","3317","3317","3317","9","63","22.5","108975","-450","9150.8"
"NIFTY","17-Apr-2017","28-Dec-2017","CE","6000","3300","3300","3280","3280","3280","3280","5","34.82","12.32","108975","0","9139.3"
"NIFTY","18-Apr-2017","28-Dec-2017","CE","6000","3366","3366","3227.35","3240.4","3227.35","3240.4","9","62.59","22.09","109050","75","9105.15"
"NIFTY","19-Apr-2017","28-Dec-2017","CE","6000","3250","3260","3235","3242","3242","3242","11","76.27","26.77","109050","0","9103.5"
"NIFTY","20-Apr-2017","28-Dec-2017","CE","6000","3270","3280","3246","3280","3280","3280","8","55.59","19.59","109050","0","9136.4"
"NIFTY","21-Apr-2017","28-Dec-2017","CE","6000","3276.4","3289","3225","3249","3249","3249","13","90.37","31.87","109800","750","9119.4"
"NIFTY","24-Apr-2017","28-Dec-2017","CE","6000","3285","3345","3285","3334.2","3329","3334.2","14","97.84","34.84","110775","975","9217.95"
"NIFTY","25-Apr-2017","28-Dec-2017","CE","6000","3370","3405","3370","3397","3397","3397","9","63.39","22.89","111075","300","9306.6"
"NIFTY","26-Apr-2017","28-Dec-2017","CE","6000","3425","3469.9","3420","3449.85","3423.1","3449.85","36","255.12","93.12","112500","1425","9351.85"
"NIFTY","27-Apr-2017","28-Dec-2017","CE","6000","3435","3465","3415","3417.5","3415","3417.5","16","113.25","41.25","113325","825","9342.15"
"NIFTY","28-Apr-2017","28-Dec-2017","CE","6000","3400","3428","3382","3428","3428","3428","15","105.73","38.23","113850","525","9304.05"
"NIFTY","02-May-2017","28-Dec-2017","CE","6000","3420","3426.4","3400","3426.4","3426.4","3426.4","18","127.17","46.17","114375","525","9313.8"
"NIFTY","03-May-2017","28-Dec-2017","CE","6000","3425","3435","3425","3435","3435","3435","2","14.15","5.15","114375","0","9311.95"
"NIFTY","04-May-2017","28-Dec-2017","CE","6000","3450","3481.7","3440","3478.65","3480","3478.65","47","333.66","122.16","114525","150","9359.9"
"NIFTY","05-May-2017","28-Dec-2017","CE","6000","3445","3446.9","3415","3435.2","3434.6","3435.2","50","353.92","128.92","111825","-2700","9285.3"
"NIFTY","08-May-2017","28-Dec-2017","CE","6000","3449.9","3472.4","3430","3458","3458","3458","34","241.26","88.26","110700","-1125","9314.05"
"NIFTY","09-May-2017","28-Dec-2017","CE","6000","3452.05","3472","3451","3470.7","3472","3470.7","29","205.85","75.35","108975","-1725","9316.85"
"NIFTY","10-May-2017","28-Dec-2017","CE","6000","3475","3533.6","3475","3530.9","3530","3530.9","17","121.22","44.72","108975","0","9407.3"
"NIFTY","11-May-2017","28-Dec-2017","CE","6000","3550","3562.9","3549","3550","3550","3550","36","257.95","95.95","108150","-825","9422.4"
"NIFTY","12-May-2017","28-Dec-2017","CE","6000","3543","3543","3505","3505","3505","3505","22","157.09","58.09","108150","0","9400.9"
"NIFTY","15-May-2017","28-Dec-2017","CE","6000","3550","3552","3548","3549.85","3550","3549.85","35","250.68","93.18","106500","-1650","9445.4"
"NIFTY","16-May-2017","28-Dec-2017","CE","6000","3572","3635","3572","3630","3630","3630","21","151.04","56.54","106500","0","9512.25"
"NIFTY","17-May-2017","28-Dec-2017","CE","6000","3610","3620","3599","3617","3617","3617","52","374.67","140.67","104475","-2025","9525.75"
"NIFTY","18-May-2017","28-Dec-2017","CE","6000","3575","3578","3502","3502","3502","3502","113","809.13","300.63","109500","5025","9429.45"
"NIFTY","19-May-2017","28-Dec-2017","CE","6000","3560","3563","3500","3500","3500","3500","22","157","58","110175","675","9427.9"
"NIFTY","22-May-2017","28-Dec-2017","CE","6000","3520","3530","3495","3495","3495","3495","12","85.72","31.72","110925","750","9438.25"
"NIFTY","23-May-2017","28-Dec-2017","CE","6000","3465","3510","3463","3469.9","3469.9","3469.9","181","1285.16","470.66","124050","13125","9386.15"
"NIFTY","24-May-2017","28-Dec-2017","CE","6000","3470.1","3485","3420","3440","3440","3440","15","106.38","38.88","124800","750","9360.55"
"NIFTY","25-May-2017","28-Dec-2017","CE","6000","3460","3561.7","3460","3561.7","3561.7","3561.7","13","92.7","34.2","124950","150","9509.75"
"NIFTY","26-May-2017","28-Dec-2017","CE","6000","3602","3658","3602","3650","3650","3650","30","216.93","81.93","126150","1200","9595.1"
"NIFTY","29-May-2017","28-Dec-2017","CE","6000","3662.7","3690","3650","3685","3685","3685","11","79.77","30.27","126375","225","9604.9"
"NIFTY","30-May-2017","28-Dec-2017","CE","6000","3680","3695","3655","3692","3692","3692","29","210.19","79.69","128100","1725","9624.55"
"NIFTY","31-May-2017","28-Dec-2017","CE","6000","3672","3700","3672","3680","3680","3680","13","94.44","35.94","128550","450","9621.25"
"NIFTY","01-Jun-2017","28-Dec-2017","CE","6000","3690","3698.45","3689.55","3698.45","3698.45","3698.45","5","36.35","13.85","128850","300","9616.1"
"NIFTY","02-Jun-2017","28-Dec-2017","CE","6000","3730","3730","3703.1","3703.1","3703.1","3703.1","3","21.85","8.35","129075","225","9653.5"
"NIFTY","05-Jun-2017","28-Dec-2017","CE","6000","3730","3775","3715","3753.95","3738","3753.95","30","219.22","84.22","130500","1425","9675.1"
"NIFTY","06-Jun-2017","28-Dec-2017","CE","6000","3725","3740","3720","3730","3730","3730","37","269.93","103.43","131850","1350","9637.15"
"NIFTY","07-Jun-2017","28-Dec-2017","CE","6000","3729","3753.5","3714","3728.8","3728.2","3728.8","26","189.89","72.89","133200","1350","9663.9"
"NIFTY","08-Jun-2017","28-Dec-2017","CE","6000","3740","3740","3713.1","3727.5","3720","3727.5","45","328.18","125.68","135525","2325","9647.25"
"NIFTY","09-Jun-2017","28-Dec-2017","CE","6000","3701","3740","3685","3740","3740","3740","42","305.34","116.34","138300","2775","9668.25"
"NIFTY","12-Jun-2017","28-Dec-2017","CE","6000","3682","3695","3657.5","3670","3670","3670","78","565.89","214.89","142650","4350","9616.4"
"NIFTY","13-Jun-2017","28-Dec-2017","CE","6000","3685","3702","3661","3670.25","3661","3670.25","38","276.15","105.15","144900","2250","9606.9"
"NIFTY","14-Jun-2017","28-Dec-2017","CE","6000","3655","3689.95","3655","3685","3685","3685","24","174.01","66.01","146550","1650","9618.15"
"NIFTY","15-Jun-2017","28-Dec-2017","CE","6000","3670","3670","3640","3645","3645","3645","26","188.3","71.3","148200","1650","9578.05"
"NIFTY","16-Jun-2017","28-Dec-2017","CE","6000","3650","3655.05","3642","3655.05","3655","3655.05","41","296.71","112.21","150675","2475","-"
"NIFTY","19-Jun-2017","28-Dec-2017","CE","6000","3682","3739.45","3682","3728.4","3716","3728.4","32","232.79","88.79","152100","1425","9657.55"
"NIFTY","20-Jun-2017","28-Dec-2017","CE","6000","3723.05","3742.75","3715","3732","3732","3732","28","204.34","78.34","153300","1200","9653.5"
"NIFTY","21-Jun-2017","28-Dec-2017","CE","6000","3690","3715","3675","3708","3715","3708","127","923.99","352.49","154725","1425","9633.6"
"NIFTY","22-Jun-2017","28-Dec-2017","CE","6000","3720","3749.9","3690","3690","3690","3690","129","942.69","362.19","159300","4575","9630"
"NIFTY","23-Jun-2017","28-Dec-2017","CE","6000","3670","3670.1","3640","3640","3640","3640","119","862.97","327.47","166875","7575","9574.95"
"NIFTY","27-Jun-2017","28-Dec-2017","CE","6000","3620","3620","3548","3585.95","3577","3585.95","152","1095.81","411.81","177900","11025","9511.4"
"NIFTY","28-Jun-2017","28-Dec-2017","CE","6000","3544.4","3606","3535","3557.15","3558","3557.15","64","458.67","170.67","182250","4350","9491.25"
"NIFTY","29-Jun-2017","28-Dec-2017","CE","6000","3603.1","3630","3562","3562.05","3562","3562.05","127","916.58","345.08","185100","2850","9504.1"
"NIFTY","30-Jun-2017","28-Dec-2017","CE","6000","3550","3555","3550","3555","3555","3555","8","57.32","21.32","185700","600","9520.9"
"NIFTY","03-Jul-2017","28-Dec-2017","CE","6000","3603.55","3710","3602.75","3666.85","3666.85","3666.85","14","101.28","38.28","186375","675","9615"
"NIFTY","04-Jul-2017","28-Dec-2017","CE","6000","3681.3","3681.3","3675","3675.3","3675.3","3675.3","12","87.11","33.11","186000","-375","9613.3"
"NIFTY","05-Jul-2017","28-Dec-2017","CE","6000","3679.65","3717.6","3679.65","3712.05","3692.65","3712.05","24","174.57","66.57","186150","150","9637.6"
"NIFTY","06-Jul-2017","28-Dec-2017","CE","6000","3720","3740","3713.65","3717.4","3717.4","3717.4","53","386.22","147.72","189975","3825","9674.55"
"NIFTY","07-Jul-2017","28-Dec-2017","CE","6000","3730.3","3735","3710","3710","3710","3710","31","226.22","86.72","190275","300","9665.8"
"NIFTY","10-Jul-2017","28-Dec-2017","CE","6000","3754","3852.6","3750","3844.25","3825","3844.25","37","271.74","105.24","192075","1800","9771.05"
"NIFTY","11-Jul-2017","28-Dec-2017","CE","6000","3860","3872","3830","3832.5","3835","3832.5","24","177.52","69.52","192300","225","9786.05"
"NIFTY","12-Jul-2017","28-Dec-2017","CE","6000","3942.1","3942.1","3840","3884.1","3890","3884.1","51","377.63","148.13","194175","1875","9816.1"
"NIFTY","13-Jul-2017","28-Dec-2017","CE","6000","3920","3968.4","3916.85","3956.15","3968.4","3956.15","11","81.96","32.46","194325","150","9891.7"
"NIFTY","14-Jul-2017","28-Dec-2017","CE","6000","3917","3970","3917","3965","3960","3965","27","201.61","80.11","194250","-75","9886.35"
"NIFTY","17-Jul-2017","28-Dec-2017","CE","6000","3993.45","3995","3980.1","3986.45","3987.1","3986.45","34","254.64","101.64","194475","225","9915.95"
"NIFTY","18-Jul-2017","28-Dec-2017","CE","6000","3950","3960","3900","3901","3903","3901","12","89.44","35.44","194700","225","9827.15"
"NIFTY","19-Jul-2017","28-Dec-2017","CE","6000","3940","3975","3930.75","3972.8","3971.7","3972.8","17","126.76","50.26","195675","975","9899.6"
"NIFTY","20-Jul-2017","28-Dec-2017","CE","6000","3950","3950","3927.55","3927.55","3927.55","3927.55","4","29.82","11.82","195750","75","9873.3"
"NIFTY","21-Jul-2017","28-Dec-2017","CE","6000","3979.9","3984.9","3930","3960.2","3960.2","3960.2","36","268.87","106.87","193350","-2400","9915.25"
"NIFTY","24-Jul-2017","28-Dec-2017","CE","6000","4017.45","4040","4000","4040","4040","4040","7","52.59","21.09","193500","150","9966.4"
"NIFTY","25-Jul-2017","28-Dec-2017","CE","6000","4040","4060","4040","4051.1","4055","4051.1","13","97.98","39.48","192900","-600","9964.55"
"NIFTY","26-Jul-2017","28-Dec-2017","CE","6000","4080","4117.5","4070","4110.7","4117","4110.7","14","105.99","42.99","192300","-600","10020.65"
"NIFTY","27-Jul-2017","28-Dec-2017","CE","6000","4165","4180","4080","4093.3","4090","4093.3","41","311.97","127.47","190650","-1650","10020.55"
"NIFTY","28-Jul-2017","28-Dec-2017","CE","6000","4040","4080","4038","4063.6","4063.6","4063.6","5","37.73","15.23","190650","0","10014.5"
"NIFTY","31-Jul-2017","28-Dec-2017","CE","6000","4102","4149.5","4102","4148.4","4148.4","4148.4","512","3882.03","1578.03","187200","-3450","10077.1"
"NIFTY","01-Aug-2017","28-Dec-2017","CE","6000","4175","4180","4175","4180","4180","4180","4","30.53","12.53","187050","-150","10114.65"
"NIFTY","02-Aug-2017","28-Dec-2017","CE","6000","4200","4200","4131.6","4131.6","4131.6","4131.6","13","99","40.5","187050","0","10081.5"
"NIFTY","03-Aug-2017","28-Dec-2017","CE","6000","4102","4102","4100","4100.2","4100.2","4100.2","13","98.48","39.98","187050","0","10013.65"
"NIFTY","04-Aug-2017","28-Dec-2017","CE","6000","4114","4155","4114","4142.5","4155","4142.5","3","22.8","9.3","187125","75","10066.4"
"NIFTY","07-Aug-2017","28-Dec-2017","CE","6000","4139","4139","4125.1","4132.05","4125.1","4132.05","2","15.2","6.2","187200","75","10057.4"
"NIFTY","08-Aug-2017","28-Dec-2017","CE","6000","4102.1","4102.1","4029.9","4047.35","4040","4047.35","14","105.6","42.6","186825","-375","9978.55"
"NIFTY","09-Aug-2017","28-Dec-2017","CE","6000","3992.1","4015.4","3960.1","3960.1","3960.1","3960.1","6","44.99","17.99","186975","150","9908.05"
"NIFTY","10-Aug-2017","28-Dec-2017","CE","6000","3900.7","3970.9","3880","3880","3880","3880","28","208.55","82.55","188400","1425","9820.25"
"NIFTY","11-Aug-2017","28-Dec-2017","CE","6000","3820","3840","3776","3776","3776","3776","5","36.81","14.31","188250","-150","9710.8"
"NIFTY","14-Aug-2017","28-Dec-2017","CE","6000","3865","3880","3851.8","3855.1","3855.1","3855.1","27","199.68","78.18","190125","1875","9794.15"
"NIFTY","16-Aug-2017","28-Dec-2017","CE","6000","3840","3936.05","3840","3935.55","3935","3935.55","71","527.91","208.41","195075","4950","9897.3"
"NIFTY","17-Aug-2017","28-Dec-2017","CE","6000","3960.7","3960.7","3951","3951","3951","3951","8","59.72","23.72","194700","-375","9904.15"
"NIFTY","18-Aug-2017","28-Dec-2017","CE","6000","3881","3924.5","3850","3909.75","3924.5","3909.75","7","51.88","20.38","194625","-75","9837.4"
"NIFTY","21-Aug-2017","28-Dec-2017","CE","6000","3873.8","3873.8","3820","3820","3820","3820","7","51.77","20.27","194175","-450","9754.35"
"NIFTY","22-Aug-2017","28-Dec-2017","CE","6000","3822.25","3822.25","3822.25","3822.25","3822.25","3822.25","1","7.37","2.87","194250","75","9765.55"
"NIFTY","23-Aug-2017","28-Dec-2017","CE","6000","3850","3898.2","3850","3894.5","3890.2","3894.5","6","44.49","17.49","194625","375","9852.5"
"NIFTY","24-Aug-2017","28-Dec-2017","CE","6000","3918","3918","3914","3914.45","3915","3914.45","14","104.11","41.11","195675","1050","9857.05"
"NIFTY","28-Aug-2017","28-Dec-2017","CE","6000","3972.8","3972.8","3965","3965","3965","3965","3","22.43","8.93","195450","-225","9912.8"
"NIFTY","29-Aug-2017","28-Dec-2017","CE","6000","3855.05","3855.05","3850","3850","3850","3850","2","14.78","5.78","195375","-75","9796.05"
"NIFTY","30-Aug-2017","28-Dec-2017","CE","6000","3935","3942","3909.1","3912.2","3909.1","3912.2","27","201.05","79.55","197400","2025","9884.4"
"NIFTY","31-Aug-2017","28-Dec-2017","CE","6000","3900","3944.9","3900","3938.35","3936.65","3938.35","41","305.22","120.72","196875","-525","9917.9"
"NIFTY","01-Sep-2017","28-Dec-2017","CE","6000","3990","4015","3990","4015","4015","4015","5","37.51","15.01","197100","225","9974.4"
"NIFTY","04-Sep-2017","28-Dec-2017","CE","6000","3940.4","3940.4","3940.4","3940.4","3940.4","3940.4","1","7.46","2.96","197025","-75","9912.85"
"NIFTY","05-Sep-2017","28-Dec-2017","CE","6000","3970","3994.9","3915.5","3970","3970","3970","15","112.08","44.58","197475","450","9952.2"
"NIFTY","06-Sep-2017","28-Dec-2017","CE","6000","3922","3939","3920","3935","3939","3935","4","29.78","11.78","197475","0","9916.2"
"NIFTY","07-Sep-2017","28-Dec-2017","CE","6000","3999.9","3999.9","3963","3963","3963","3963","2","14.97","5.97","197475","0","9929.9"
"NIFTY","08-Sep-2017","28-Dec-2017","CE","6000","3960","3966","3950","3958","3958","3958","12","89.62","35.62","196875","-600","9934.8"
"NIFTY","11-Sep-2017","28-Dec-2017","CE","6000","4020.4","4060.8","4020.4","4041.35","4036","4041.35","10","75.36","30.36","196650","-225","10006.05"
"NIFTY","12-Sep-2017","28-Dec-2017","CE","6000","4052.1","4104.55","4052.1","4097.3","4097.3","4097.3","35","264.33","106.83","198225","1575","10093.05"
"NIFTY","13-Sep-2017","28-Dec-2017","CE","6000","4125","4154.5","4085.95","4100.25","4085.95","4100.25","49","371.75","151.25","199725","1500","10079.3"
"NIFTY","14-Sep-2017","28-Dec-2017","CE","6000","4135","4135","4100","4113.7","4115","4113.7","93","706.62","288.12","205725","6000","10086.6"
"NIFTY","15-Sep-2017","28-Dec-2017","CE","6000","4090","4120","4077","4120","4120","4120","20","151.47","61.47","206400","675","10085.4"
"NIFTY","18-Sep-2017","28-Dec-2017","CE","6000","4195","4200","4175","4190","4190","4190","20","152.85","62.85","205950","-450","10153.1"
"NIFTY","19-Sep-2017","28-Dec-2017","CE","6000","4189.1","4189.1","4157","4182","4182","4182","22","167.79","68.79","205800","-150","10147.55"
"NIFTY","20-Sep-2017","28-Dec-2017","CE","6000","4180","4189.05","4180","4187.55","4186","4187.55","5","38.19","15.69","205575","-225","10141.15"
"NIFTY","21-Sep-2017","28-Dec-2017","CE","6000","4113.85","4148","4097","4140.5","4141","4140.5","241","1829.19","744.69","221625","16050","10121.9"
"NIFTY","22-Sep-2017","28-Dec-2017","CE","6000","4080","4080","3980","3980","3980","3980","29","218.29","87.79","221250","-375","9964.4"
"NIFTY","25-Sep-2017","28-Dec-2017","CE","6000","3947","3947","3889","3903.35","3905","3903.35","109","809.96","319.46","224475","3225","9872.6"
"NIFTY","26-Sep-2017","28-Dec-2017","CE","6000","3890","3928.85","3860","3883","3878","3883","227","1685.74","664.24","232725","8250","9871.5"
"NIFTY","27-Sep-2017","28-Dec-2017","CE","6000","3905","3909","3749.95","3772.65","3763.55","3772.65","104","764.72","296.72","235425","2700","9735.75"
"NIFTY","28-Sep-2017","28-Dec-2017","CE","6000","3738","3805.4","3738","3760.15","3745","3760.15","772","5651.78","2177.78","287850","52425","9768.95"
"NIFTY","29-Sep-2017","28-Dec-2017","CE","6000","3800","3854.85","3775","3784.9","3786","3784.9","102","750.32","291.32","291675","3825","9788.6"
"NIFTY","03-Oct-2017","28-Dec-2017","CE","6000","3846.2","3865","3831","3862","3862","3862","38","280.7","109.7","291225","-450","9859.5"
"NIFTY","04-Oct-2017","28-Dec-2017","CE","6000","3897.45","3942","3889.8","3924.15","3936","3924.15","202","1503.44","594.44","286650","-4575","9914.9"
"NIFTY","05-Oct-2017","28-Dec-2017","CE","6000","3917","3925","3905.45","3917.95","3905.45","3917.95","12","89.26","35.26","285750","-900","9888.7"
"NIFTY","06-Oct-2017","28-Dec-2017","CE","6000","3981.5","3999","3965","3985.95","3999","3985.95","37","276.88","110.38","285675","-75","9979.7"
"NIFTY","09-Oct-2017","28-Dec-2017","CE","6000","4014.5","4036.5","4001.1","4013.1","4010.2","4013.1","26","195.48","78.48","285750","75","9988.75"
"NIFTY","10-Oct-2017","28-Dec-2017","CE","6000","4030","4047.5","4030","4042.95","4035","4042.95","7","52.72","21.22","285675","-75","10016.95"
"NIFTY","11-Oct-2017","28-Dec-2017","CE","6000","4085.8","4087","3990","3994.5","3990","3994.5","53","399.6","161.1","284025","-1650","9984.8"
"NIFTY","12-Oct-2017","28-Dec-2017","CE","6000","4044.4","4110","4030","4110","4110","4110","23","173.57","70.07","283125","-900","10096.4"
"NIFTY","13-Oct-2017","28-Dec-2017","CE","6000","4165","4210","4164","4185","4185","4185","49","373.96","153.46","279825","-3300","10167.45"
"NIFTY","16-Oct-2017","28-Dec-2017","CE","6000","4235","4255","4210","4250","4250","4250","123","943.04","389.54","282750","2925","10230.85"
"NIFTY","17-Oct-2017","28-Dec-2017","CE","6000","4249.9","4255","4243","4255","4255","4255","13","99.92","41.42","282375","-375","10234.45"
"NIFTY","18-Oct-2017","28-Dec-2017","CE","6000","4217","4244","4205","4241.35","4240","4241.35","26","199.42","82.42","281925","-450","10210.85"
"NIFTY","19-Oct-2017","28-Dec-2017","CE","6000","4166.2","4166.2","4120","4153.75","4140","4153.75","16","121.84","49.84","281250","-675","10146.55"
"NIFTY","23-Oct-2017","28-Dec-2017","CE","6000","4180","4200","4140","4196.2","4200","4196.2","11","84.01","34.51","280725","-525","10184.85"
"NIFTY","24-Oct-2017","28-Dec-2017","CE","6000","4215","4240","4211","4230.5","4232","4230.5","24","184.1","76.1","279075","-1650","10207.7"
"NIFTY","25-Oct-2017","28-Dec-2017","CE","6000","4280","4338.8","4280","4316.65","4312","4316.65","58","448.46","187.46","275250","-3825","10295.35"
"NIFTY","26-Oct-2017","28-Dec-2017","CE","6000","4275","4315.75","4274","4311.95","4310","4311.95","95","733.48","305.98","280725","5475","10343.8"
"NIFTY","27-Oct-2017","28-Dec-2017","CE","6000","4325","4359.4","4325","4327.5","4330","4327.5","33","255.98","107.48","279375","-1350","10323.05"
"NIFTY","30-Oct-2017","28-Dec-2017","CE","6000","4348.1","4377","4348.1","4373.35","4370","4373.35","19","147.71","62.21","279000","-375","10363.65"
"NIFTY","31-Oct-2017","28-Dec-2017","CE","6000","4345","4359","4342","4348.7","4359","4348.7","25","194.05","81.55","277500","-1500","10335.3"
"NIFTY","01-Nov-2017","28-Dec-2017","CE","6000","4403","4480.85","4395","4466.9","4470","4466.9","110","861.59","366.59","276525","-975","10440.5"
"NIFTY","02-Nov-2017","28-Dec-2017","CE","6000","4448.4","4461","4430","4453.35","4452","4453.35","21","164.58","70.08","275925","-600","10423.8"
"NIFTY","03-Nov-2017","28-Dec-2017","CE","6000","4460","4477","4447","4476","4475","4476","23","180.41","76.91","274275","-1650","10452.5"
"NIFTY","06-Nov-2017","28-Dec-2017","CE","6000","4475","4527.85","4467.4","4494.25","4477.1","4494.25","64","503.89","215.89","270900","-3375","10451.8"
"NIFTY","07-Nov-2017","28-Dec-2017","CE","6000","4450","4450","4390","4398.4","4391.8","4398.4","40","312.66","132.66","269925","-975","10350.15"
"NIFTY","08-Nov-2017","28-Dec-2017","CE","6000","4405","4405","4340","4352","4362","4352","66","513.42","216.42","269100","-825","10303.15"
"NIFTY","09-Nov-2017","28-Dec-2017","CE","6000","4378","4378","4331","4367.6","4357.9","4367.6","31","240.61","101.11","268875","-225","10308.95"
"NIFTY","10-Nov-2017","28-Dec-2017","CE","6000","4339","4375","4281","4306.15","4330","4306.15","469","3626.54","1516.04","288525","19650","10321.75"
"NIFTY","13-Nov-2017","28-Dec-2017","CE","6000","4315","4325.25","4271","4276","4271","4276","18","139.12","58.12","287175","-1350","10224.95"
"NIFTY","14-Nov-2017","28-Dec-2017","CE","6000","4250","4250","4216.55","4224.4","4216.55","4224.4","4","30.69","12.69","287175","0","10186.6"
"NIFTY","15-Nov-2017","28-Dec-2017","CE","6000","4218.55","4220","4140","4148","4140","4148","48","367.07","151.07","284025","-3150","10118.05"
"NIFTY","16-Nov-2017","28-Dec-2017","CE","6000","4175","4245","4175","4245","4245","4245","4","30.61","12.61","284025","0","10214.75"
"NIFTY","17-Nov-2017","28-Dec-2017","CE","6000","4342.25","4365.95","4285.3","4319.6","4285.45","4319.6","30","232.41","97.41","283875","-150","10283.6"
"NIFTY","20-Nov-2017","28-Dec-2017","CE","6000","4306.2","4321.6","4294.55","4307.8","4321","4307.8","8","61.88","25.88","283500","-375","10298.75"
"NIFTY","21-Nov-2017","28-Dec-2017","CE","6000","4412.6","4412.6","4339","4341.35","4345","4341.35","44","341.39","143.39","286500","3000","10326.9"
"NIFTY","22-Nov-2017","28-Dec-2017","CE","6000","4360","4360","4360","4360","4360","4360","1","7.77","3.27","286500","0","10342.3"
"NIFTY","23-Nov-2017","28-Dec-2017","CE","6000","4358.3","4364","4335.5","4363.5","4362.95","4363.5","45","349.3","146.8","288075","1575","10348.75"
"NIFTY","24-Nov-2017","28-Dec-2017","CE","6000","4400.05","4400.05","4398","4399.05","4398","4399.05","2","15.6","6.6","288225","150","10389.7"
"NIFTY","27-Nov-2017","28-Dec-2017","CE","6000","4360","4420.85","4360","4420.85","4420.85","4420.85","4","31.17","13.17","288375","150","10399.55"
"NIFTY","28-Nov-2017","28-Dec-2017","CE","6000","4381","4381","4381","4381","4381","4381","2","15.57","6.57","288300","-75","10370.25"
"NIFTY","29-Nov-2017","28-Dec-2017","CE","6000","0","0","0","4381","4381","4391.05","0","0","0","288300","0","10361.3"
"NIFTY","30-Nov-2017","28-Dec-2017","CE","6000","4329.25","4329.25","4231.05","4253","4238.1","4253","515","3979.23","1661.73","274125","-14175","10226.55"
"NIFTY","01-Dec-2017","28-Dec-2017","CE","6000","4241.65","4241.65","4130","4134.25","4132","4134.25","22","168.08","69.08","273975","-150","10121.8"
"NIFTY","04-Dec-2017","28-Dec-2017","CE","6000","4152.4","4170","4130","4130","4130","4130","9","68.52","28.02","273900","-75","10127.75"
"NIFTY","05-Dec-2017","28-Dec-2017","CE","6000","4100","4138.9","4090","4127.5","4130","4127.5","10","75.83","30.83","273750","-150","10118.25"
"NIFTY","06-Dec-2017","28-Dec-2017","CE","6000","4100","4100","4053","4053","4053","4053","56","422.92","170.92","272775","-975","10044.1"
"NIFTY","07-Dec-2017","28-Dec-2017","CE","6000","4075","4201.65","4075","4195.15","4201.65","4195.15","10","76.01","31.01","272400","-375","10166.7"
"NIFTY","08-Dec-2017","28-Dec-2017","CE","6000","4241.55","4285","4235","4280","4275","4280","35","269.31","111.81","272400","0","10265.65"
"NIFTY","11-Dec-2017","28-Dec-2017","CE","6000","4328.6","4341.05","4300","4341.05","4341.05","4341.05","39","301.69","126.19","270600","-1800","10322.25"
"NIFTY","12-Dec-2017","28-Dec-2017","CE","6000","4301","4305.4","4252","4259.55","4255","4259.55","56","432.1","180.1","270300","-300","10240.15"
"NIFTY","13-Dec-2017","28-Dec-2017","CE","6000","4273.65","4310","4185.45","4205.4","4203.9","4205.4","26","199.74","82.74","270000","-300","10192.95"
"NIFTY","14-Dec-2017","28-Dec-2017","CE","6000","4210","4243.15","4180","4241.05","4243.15","4241.05","65","497.72","205.22","268575","-1425","10252.1"
"NIFTY","15-Dec-2017","28-Dec-2017","CE","6000","4344.5","4382","4344.5","4355","4355","4355","164","1275.65","537.65","259125","-9450","10333.25"
"NIFTY","18-Dec-2017","28-Dec-2017","CE","6000","4145","4460","4133","4411.5","4405.8","4411.5","74","577.12","244.12","258825","-300","10388.75"
"NIFTY","19-Dec-2017","28-Dec-2017","CE","6000","4433","4475","4425","4471.65","4474","4471.65","199","1559.38","663.88","247500","-11325","10463.2"
"NIFTY","20-Dec-2017","28-Dec-2017","CE","6000","4466.65","4495","4450","4457.85","4457.35","4457.85","480","3771.85","1611.85","216825","-30675","10444.2"
"NIFTY","21-Dec-2017","28-Dec-2017","CE","6000","4470.25","4470.25","4438.15","4452","4452","4452","226","1771.96","754.96","200325","-16500","10440.3"
"NIFTY","22-Dec-2017","28-Dec-2017","CE","6000","4465","4511.3","4454.15","4495.65","4511.3","4495.65","444","3491.76","1493.76","167550","-32775","10493"
"NIFTY","26-Dec-2017","28-Dec-2017","CE","6000","4500","4531.8","4492.15","4514.45","4531","4514.45","342","2695.47","1156.47","142125","-25425","10531.5"
"NIFTY","27-Dec-2017","28-Dec-2017","CE","6000","4525","4561.15","4475","4488.25","4482.55","4488.25","411","3247.56","1398.06","112575","-29550","10490.75"
"NIFTY","28-Dec-2017","28-Dec-2017","CE","6000","4505","4532","4462.05","4478.85","4476","0","1167","9192.07","3940.57","27525","-85050","10477.9"
